 6.91, -86.47, -639.19, 34.50, -46.63, -618.20, 36.18, -12.64, -613.38, 25.31,  9.69, -608.84, 32.02, -25.08, -655.58, 43.28, 22.95, -649.74, 46.34, 43.38, -646.92, 46.62, 65.29, -641.80, 13.26, -12.88, -653.83, 13.21, -0.76, -611.68, 11.69, -32.52, -617.64, 13.06, -39.11, -632.41, -7.89, -12.05, -660.76, -10.76, -7.48, -617.84, -9.48, -26.21, -615.01, -4.92, -39.65, -634.97, -25.86, -18.95, -652.42, -24.92, -9.18, -625.92, -21.61, -28.34, -616.91, -22.59, -36.65, -627.50
 7.06, -87.55, -640.66, 33.98, -48.78, -616.97, 34.79, -15.03, -610.53, 21.68,  6.06, -606.00, 32.02, -25.69, -655.40, 42.53, 22.00, -646.30, 45.23, 42.20, -641.89, 44.99, 63.59, -634.93, 13.24, -13.58, -653.31, 13.19, -2.53, -610.87, 11.73, -34.14, -617.63, 13.04, -40.94, -632.30, -7.92, -12.61, -660.20, -10.73, -9.18, -617.17, -9.41, -27.97, -614.84, -4.86, -41.21, -634.95, -25.88, -19.77, -652.05, -24.94, -10.72, -625.30, -21.58, -29.98, -616.51, -22.44, -38.63, -626.85
-27.45, -71.69, -665.15, -34.19, -23.20, -684.96, -16.26,  5.80, -680.60,  7.63, 11.19, -674.44, -39.15, -15.75, -627.71, -16.70, 28.42, -631.15, -8.21, 46.25, -624.46,  2.40, 64.47, -616.59, -18.08, -8.33, -625.56, -14.20, 34.42, -616.56, -10.03, 66.35, -613.38, -8.02, 82.23, -610.75,  2.29, -14.80, -619.31,  6.60,  5.17, -657.44,  0.63, -11.65, -663.89, -6.18, -32.76, -674.30, 18.73, -22.31, -629.98, 21.16, -8.03, -654.25, 13.16, -21.81, -668.59,  9.14, -34.65, -667.44
-40.20, -78.32, -661.33, -46.76, -33.00, -687.66, -33.17, -1.83, -682.74, -11.95,  6.48, -671.87, -65.70, -21.13, -634.01, -46.59, 24.57, -637.68, -41.53, 43.73, -631.19, -34.81, 63.60, -623.05, -46.54, -11.05, -628.08, -49.02, 32.50, -623.60, -48.94, 64.86, -623.15, -49.18, 81.04, -621.96, -27.65, -14.44, -616.78, -16.65,  2.53, -655.01, -19.30, -15.41, -660.59, -21.43, -38.05, -669.74, -8.53, -20.82, -622.61, -1.91, -8.74, -647.28, -5.03, -24.66, -661.29, -8.00, -37.67, -659.23
-29.62, -46.90, -670.17, -34.15,  5.71, -669.19, -40.99, 39.38, -668.49, -41.60, 63.28, -660.37, -67.91, -8.52, -628.60, -75.13, 27.30, -594.96, -77.22, 41.33, -579.67, -77.38, 54.83, -561.67, -63.51, -18.74, -609.11, -71.11, -3.42, -568.72, -71.02,  8.34, -538.58, -71.94, 13.97, -523.39, -63.45, -38.77, -599.38, -23.85, -26.62, -586.91, -19.68, -31.89, -604.66, -13.67, -38.92, -627.35, -48.45, -53.19, -596.60, -31.23, -39.13, -579.15, -15.99, -39.37, -594.23, -16.08, -45.70, -606.15
44.01, -79.06, -645.17, 44.11, -31.79, -668.73, 65.07, -4.61, -666.90, 86.59,  8.57, -666.01, 37.68, -17.76, -615.66, 38.52, 31.21, -607.39, 40.74, 51.77, -604.77, 45.84, 73.63, -603.19, 59.36, -12.09, -614.34, 73.55, 26.86, -600.03, 86.94, 56.30, -600.80, 93.19, 71.12, -598.61, 79.07, -19.52, -607.10, 86.80, -7.35, -647.88, 80.00, -23.71, -654.71, 71.71, -44.76, -664.11, 94.70, -29.88, -616.53, 99.08, -15.07, -640.19, 91.34, -28.38, -655.10, 86.66, -38.18, -663.13
44.58, -81.53, -639.15, 37.10, -32.81, -658.12, 53.67, -2.89, -654.71, 77.97, -2.45, -647.86, 38.38, -21.57, -606.99, 44.27, 27.05, -598.71, 48.80, 47.29, -596.56, 56.78, 68.32, -596.15, 60.10, -16.69, -604.16, 70.35,  5.39, -640.64, 60.87, -25.29, -644.62, 54.92, -38.11, -636.66, 79.12, -25.10, -596.20, 89.74, -10.56, -635.53, 83.01, -26.22, -643.90, 71.01, -44.03, -632.12, 94.96, -35.49, -605.24, 101.14, -19.61, -627.78, 93.94, -31.84, -643.84, 89.23, -44.35, -641.95
13.83, -79.45, -644.23, -0.27, -30.20, -657.10, 13.44,  0.90, -652.02, 38.13,  3.39, -647.35,  4.78, -23.84, -605.59,  7.52, 24.75, -595.66, 10.61, 45.23, -593.21, 17.01, 66.80, -593.19, 26.07, -16.86, -604.20, 30.32,  9.50, -639.00, 23.63, -21.56, -645.11, 19.83, -35.57, -637.87, 46.55, -23.81, -598.89, 51.65, -4.62, -637.32, 45.75, -20.08, -646.62, 36.89, -40.01, -635.45, 62.38, -31.48, -610.33, 64.64, -12.97, -631.55, 57.16, -24.36, -648.09, 53.99, -37.44, -646.97
 9.02, -85.21, -616.02, 25.20, -46.48, -583.96, 13.29, -14.93, -577.37, -3.02,  3.67, -572.32, 31.19, -23.05, -633.68, 41.99, 25.35, -630.82, 44.77, 45.85, -628.21, 45.16, 67.91, -623.81, 12.25, -11.40, -630.59, 16.00, 32.28, -631.92, 16.81, 62.78, -621.18, 17.58, 78.74, -618.36, -9.33, -11.15, -636.07, -9.45, -7.09, -593.00, -7.42, -25.80, -590.48, -5.19, -49.89, -586.62, -26.50, -18.61, -626.58, -24.04, -8.93, -600.14, -19.49, -26.89, -589.36, -17.31, -39.00, -583.81
 8.25, -86.61, -624.15, 32.13, -52.23, -591.94, 23.05, -21.52, -579.48,  8.85, -3.41, -569.08, 28.77, -23.12, -638.83, 40.04, 24.78, -632.06, 43.34, 44.85, -627.48, 44.66, 66.19, -620.47, 11.33, -11.65, -630.59, 16.54, 31.80, -627.66, 20.79, 60.77, -613.90, 22.78, 76.26, -609.50, -10.89, -10.43, -631.41, -2.07, -11.54, -589.08, -0.31, -30.44, -589.17,  1.72, -54.85, -588.63, -26.04, -18.71, -619.48, -17.88, -12.30, -593.20, -11.93, -31.48, -585.71, -9.14, -44.20, -582.15
 5.67, -87.61, -628.01, 23.41, -62.25, -585.22, 26.35, -36.39, -562.77, 12.45, -18.29, -551.98, 30.75, -24.17, -631.67, 33.28,  4.17, -590.96, 32.47, 15.41, -573.41, 27.28, 23.52, -553.08, 12.03, -12.59, -627.28, 12.48, -8.89, -583.58, 10.75, -38.89, -595.58, 11.90, -42.81, -611.28, -9.18, -10.35, -633.69, -10.34, -15.57, -590.77, -8.99, -34.44, -592.27, -5.26, -42.96, -614.94, -27.10, -18.82, -626.78, -25.89, -14.70, -598.85, -22.54, -35.27, -593.84, -23.57, -41.59, -605.73
-74.76, -66.89, -659.54, -113.68, -32.56, -669.35, -125.23, -1.68, -659.63, -118.60, 21.15, -651.14, -101.15, -19.95, -617.49, -91.82, 11.83, -654.49, -89.20, -5.72, -665.44, -90.20, -27.26, -659.02, -82.13, -11.14, -609.47, -72.90,  7.15, -648.25, -75.16, -23.99, -656.75, -78.61, -36.06, -646.48, -62.84, -16.73, -599.84, -52.02, -3.93, -639.72, -55.16, -20.35, -648.71, -64.68, -38.27, -634.99, -43.71, -20.64, -607.53, -39.31, -8.17, -632.51, -46.43, -25.96, -642.10, -47.44, -32.17, -630.15
-20.35, -77.58, -638.45,  9.56, -37.44, -621.61,  6.31, -5.34, -609.77, -17.14, -2.49, -600.86, -19.49, -13.20, -661.29, -3.35,  9.75, -620.31,  0.41, -10.75, -619.76, -4.02, -23.04, -638.08, -36.26, -4.75, -649.00, -16.09,  9.22, -612.65, -14.64, -22.52, -618.76, -20.91, -26.93, -633.06, -57.58, -8.23, -643.58, -36.37,  0.50, -606.90, -29.72, -17.11, -604.52, -35.25, -31.54, -623.53, -66.73, -18.12, -627.49, -54.09, -2.42, -607.67, -43.14, -19.51, -600.78, -50.69, -25.84, -610.00
15.13, -54.23, -668.92, -13.33, -9.98, -673.56, -23.10, 18.68, -657.31, -17.56, 37.22, -641.09, -12.97, -17.21, -618.84, 11.78, 20.68, -639.29, 14.16,  7.31, -655.11,  7.64, -14.12, -657.31,  4.35, -16.64, -604.57, 27.08,  9.43, -631.54, 21.74, -15.80, -651.07, 13.50, -29.17, -646.98, 18.88, -29.80, -594.01, 42.39, -8.83, -623.65, 38.97, -20.25, -638.43, 23.00, -38.40, -634.47, 38.36, -36.08, -598.64, 51.67, -18.28, -616.09, 44.38, -29.70, -632.70, 38.92, -38.87, -624.44
-12.68, -58.98, -666.14, -42.25, -16.59, -677.01, -56.27, 13.55, -668.27, -56.87, 36.71, -658.25, -42.52, -16.48, -621.74, -17.57, 18.95, -646.02, -14.62,  3.77, -660.02, -20.86, -17.84, -659.75, -25.61, -13.93, -607.20, -2.39,  8.93, -636.55, -6.83, -18.51, -653.10, -14.99, -31.49, -647.78, -11.26, -25.51, -594.72, 12.86, -8.03, -626.08, 10.04, -21.16, -639.49, -5.81, -38.99, -633.89,  8.40, -32.06, -598.03, 22.02, -16.36, -617.18, 15.38, -29.75, -632.53,  9.74, -37.98, -623.43
15.58, -79.13, -651.28, 33.39, -51.21, -610.13, 22.68, -22.30, -594.97,  7.09, -5.26, -584.75, 39.87, -15.27, -651.65, 57.73, 28.89, -637.59, 63.54, 47.50, -630.19, 67.26, 67.48, -620.54, 21.38, -4.30, -645.17, 19.83, 38.87, -637.62, 17.15, 66.46, -620.92, 16.05, 81.50, -614.93, -0.22, -1.86, -650.01,  0.12, -9.74, -607.48,  1.49, -28.47, -610.20,  2.88, -52.76, -613.11, -17.57, -11.06, -642.63, -14.58, -9.07, -614.60, -10.60, -29.44, -609.22, -8.82, -42.67, -607.23
13.51, -79.30, -650.73, 27.94, -51.40, -608.27, 16.57, -22.05, -594.48,  0.52, -4.50, -585.99, 39.42, -16.10, -649.26, 58.15, 27.11, -633.49, 64.21, 45.41, -625.53, 68.04, 65.20, -615.53, 20.69, -4.58, -644.73, 19.57, 38.70, -637.73, 16.01, 66.53, -621.62, 14.72, 81.65, -615.89, -0.26, -1.63, -651.68, -4.30, -9.05, -609.26, -3.18, -27.84, -611.67, -2.17, -52.19, -614.23, -18.49, -10.30, -645.97, -18.21, -8.08, -617.80, -15.33, -28.48, -611.88, -14.11, -41.73, -609.61
22.30, -42.97, -684.02, 34.69,  8.21, -680.08, 39.68, 40.33, -668.89, 48.75, 58.68, -654.12, -8.90, -4.36, -637.09, 34.19, 19.29, -629.99, 44.23, 10.80, -646.18, 41.80, -5.20, -661.82, -2.24, -15.07, -618.53, 35.51,  6.78, -613.93, 44.65, -6.85, -641.81, 36.90, -17.34, -651.46, -1.48, -35.28, -609.20, 36.75, -15.05, -608.51, 45.87, -17.71, -624.94, 42.17, -28.66, -646.54, 13.31, -50.16, -608.69, 17.31, -41.89, -581.96, 22.33, -35.51, -562.13, 30.80, -31.48, -552.42
-39.36, -73.96, -657.43, -49.21, -28.31, -682.10, -32.34,  1.58, -683.82, -13.24, 17.91, -686.30, -50.92, -12.91, -629.02, -56.61, 35.88, -621.63, -57.25, 56.65, -619.93, -55.38, 79.07, -619.74, -30.35, -4.10, -630.81, -21.34, 37.38, -619.76, -13.36, 68.51, -623.54, -9.50, 84.25, -622.76, -8.98, -8.24, -626.12, -8.51,  2.93, -667.91, -13.59, -14.52, -673.40, -19.77, -36.94, -681.09,  6.67, -16.65, -637.29,  5.64, -2.40, -661.68, -1.88, -17.33, -675.10, -6.05, -27.83, -682.49
