78.60, -58.61, -285.60, 101.05, -11.34, -278.42, 103.60, 22.93, -278.53, 98.01, 47.13, -273.98, 65.09,  7.50, -296.35, 55.24, 56.02, -292.37, 49.46, 75.92, -290.11, 40.79, 96.31, -286.18, 42.82,  7.17, -293.61, 23.97, 46.67, -290.81,  9.06, 73.96, -281.89,  1.89, 88.48, -280.82, 24.40, -3.26, -300.53, -2.23, 25.77, -282.67, -14.44, 39.64, -278.34, -30.49, 57.83, -274.88, 13.57, -19.55, -292.92, -7.86, -2.05, -287.14, -24.31, 10.75, -282.12, -34.79, 17.87, -277.47
79.46, -51.25, -275.75, 95.79, -6.26, -253.43, 90.87, 26.47, -244.16, 68.07, 36.12, -239.21, 65.69, 11.31, -299.51, 57.82, 60.11, -294.65, 52.92, 77.64, -284.47, 44.76, 88.44, -266.50, 43.47, 11.61, -296.34, 23.89, 50.85, -296.43, 11.01, 72.21, -275.82,  7.31, 73.78, -260.10, 24.94,  0.04, -300.65, -3.13, 30.95, -289.35, -14.03, 42.38, -278.83, -20.58, 47.46, -255.77, 14.26, -14.32, -289.68, -9.37,  1.12, -288.35, -25.04, 11.70, -278.26, -28.11, 13.15, -265.19
74.36, -51.35, -312.33, 25.65, -31.47, -316.95,  0.03, -9.08, -312.11, -12.52, 12.83, -311.56, 36.85,  0.75, -288.92,  9.80, 42.02, -283.28, -0.04, 60.28, -281.18, -8.10, 81.25, -280.01, 53.00, 16.19, -286.79, 38.63, 56.96, -279.36, 30.36, 88.22, -280.55, 25.26, 103.37, -277.80, 73.06, 19.53, -277.71, 72.33, 62.21, -284.71, 71.42, 81.16, -284.12, 70.15, 105.45, -281.19, 92.56, 17.50, -285.19, 95.77, 45.52, -283.41, 98.70, 66.74, -282.71, 101.36, 79.93, -283.83
80.17, -47.83, -285.41, 97.99,  0.27, -272.84, 94.15, 34.41, -272.15, 83.53, 57.00, -268.31, 70.08, 18.85, -296.32, 61.85, 67.60, -291.53, 56.68, 87.67, -289.18, 48.43, 108.28, -285.54, 47.64, 19.12, -296.77, 29.59, 59.07, -295.31, 14.25, 86.43, -287.40,  7.34, 101.10, -286.73, 30.13,  9.39, -306.48,  2.00, 38.82, -291.86, -10.34, 52.95, -288.96, -26.26, 71.48, -287.16, 17.89, -6.72, -300.90, -4.15, 10.70, -297.89, -21.17, 23.37, -294.85, -32.21, 30.31, -291.36
75.01, -46.24, -315.02, 26.60, -25.84, -320.40,  1.22, -3.05, -316.21, -11.07, 19.01, -316.20, 38.05,  6.82, -292.97, 11.54, 48.57, -288.37,  1.94, 67.01, -286.73, -5.84, 88.11, -286.04, 54.39, 22.09, -291.03, 40.55, 63.20, -284.56, 32.76, 94.55, -286.48, 27.85, 109.83, -284.09, 74.42, 25.34, -281.87, 74.33, 67.87, -289.74, 73.68, 86.84, -289.54, 72.71, 111.20, -287.13, 93.95, 22.90, -289.14, 97.51, 50.90, -287.93, 100.71, 72.10, -287.66, 103.55, 85.22, -289.04
71.53, -40.73, -271.45, 85.32, 10.24, -272.60, 73.02, 40.03, -284.54, 54.40, 56.26, -289.73, 70.16, 19.28, -304.09, 69.47, 68.11, -313.14, 67.32, 88.58, -316.48, 62.11, 110.33, -318.92, 47.99, 21.41, -306.87, 35.40, 61.55, -319.28, 23.29, 91.50, -321.09, 18.24, 106.36, -325.18, 30.13, 10.64, -314.69,  4.68, 45.57, -312.84, -6.15, 60.93, -315.56, -20.01, 80.43, -320.80, 15.73, -1.56, -305.51, -5.63, 16.27, -310.48, -22.23, 29.54, -313.23, -33.21, 37.38, -312.66
79.74, -39.71, -276.05, 94.62,  6.50, -255.26, 76.60, 35.31, -250.10, 52.49, 41.85, -246.40, 67.60, 18.68, -309.38, 65.74, 67.65, -317.47, 63.27, 88.34, -318.21, 58.22, 110.24, -317.14, 45.57, 20.57, -305.53, 39.21, 59.97, -287.33, 45.97, 48.10, -258.00, 49.81, 34.39, -250.24, 26.55,  9.31, -307.73,  7.73, 48.15, -310.69, -0.80, 64.96, -312.96, -12.11, 86.40, -316.48, 15.45, -2.74, -295.78, -7.53, 12.90, -300.85, -24.41, 25.88, -298.34, -34.42, 33.61, -293.62
81.27, -42.00, -283.61, 92.11, -0.07, -253.38, 72.18, 26.38, -244.20, 47.55, 31.02, -241.13, 68.00, 21.15, -306.07, 60.00, 70.16, -306.64, 54.81, 90.23, -304.38, 46.79, 110.87, -300.35, 45.70, 21.30, -303.58, 35.93, 56.11, -278.76, 41.45, 39.11, -251.79, 45.56, 24.33, -246.51, 27.53,  9.86, -309.28,  6.75, 47.67, -306.21, -2.55, 64.21, -305.87, -14.82, 85.42, -306.10, 16.39, -4.75, -300.69, -5.51, 12.62, -304.87, -22.11, 25.76, -301.55, -32.26, 33.03, -296.42
84.48, -41.53, -287.04, 97.52,  2.32, -260.63, 91.41, 33.99, -248.78, 68.88, 43.81, -242.97, 67.89, 22.13, -305.47, 55.96, 69.36, -295.77, 49.35, 85.43, -284.23, 39.77, 93.92, -265.73, 45.60, 20.90, -303.17, 23.65, 58.72, -299.72,  8.95, 76.97, -277.42,  4.73, 76.66, -261.75, 27.93,  8.78, -309.25, -1.62, 37.10, -295.25, -13.30, 47.04, -284.07, -20.81, 49.71, -260.90, 17.75, -7.11, -300.07, -6.32,  7.48, -297.56, -22.47, 16.50, -286.72, -25.84, 16.45, -273.65
83.94, -40.40, -279.50, 94.52,  4.95, -254.57, 74.31, 32.03, -248.33, 49.65, 36.68, -245.51, 69.50, 19.47, -309.08, 62.28, 68.29, -314.69, 57.43, 88.57, -314.47, 49.80, 109.64, -312.54, 47.23, 19.62, -306.34, 37.24, 56.99, -285.68, 43.31, 43.37, -256.97, 47.70, 29.38, -250.03, 29.17,  7.34, -310.41,  7.88, 44.98, -311.56, -1.66, 61.32, -313.06, -14.24, 82.19, -315.62, 18.33, -6.29, -300.01, -4.47,  9.41, -305.64, -21.66, 22.03, -303.47, -32.08, 29.34, -298.96
77.49, -45.58, -316.60, 29.08, -25.08, -321.66,  4.81, -1.10, -317.57, -6.58, 21.43, -318.08, 40.06,  7.68, -295.87, 12.62, 48.96, -292.66,  2.60, 67.22, -291.69, -5.68, 88.14, -291.85, 56.12, 23.34, -295.07, 41.68, 64.46, -290.17, 33.26, 95.52, -293.48, 28.14, 110.82, -291.74, 76.34, 27.38, -286.65, 75.13, 69.51, -296.39, 74.09, 88.45, -297.01, 72.70, 112.88, -295.74, 95.70, 25.00, -294.37, 98.89, 53.08, -294.52, 101.81, 74.30, -295.37, 104.44, 87.37, -297.50
81.30, -46.25, -286.78, 99.29,  2.29, -276.35, 94.44, 36.27, -278.14, 82.82, 58.61, -276.29, 74.56, 19.97, -302.18, 68.79, 69.26, -300.21, 64.60, 89.65, -299.01, 57.33, 110.81, -296.60, 52.17, 21.19, -303.31, 36.09, 61.97, -304.71, 21.89, 90.42, -298.74, 15.67, 105.40, -299.02, 34.50, 11.62, -312.91,  7.32, 43.07, -300.95, -4.47, 57.85, -299.23, -19.62, 77.10, -298.92, 21.40, -3.55, -306.68, -0.12, 14.72, -305.46, -16.78, 28.10, -303.71, -27.68, 35.56, -300.90
98.46, -45.43, -310.56, 118.26,  1.46, -296.48, 121.74, 34.88, -289.29, 117.95, 57.27, -278.24, 73.46, 17.30, -300.22, 56.66, 60.37, -282.07, 48.20, 77.54, -273.77, 37.21, 94.16, -263.33, 52.51, 11.94, -294.23, 28.99, 45.22, -278.01, 12.23, 66.34, -260.13,  3.34, 78.57, -254.24, 34.81,  0.14, -300.82,  8.37, 18.06, -271.65, -4.61, 27.76, -261.77, -22.18, 41.11, -251.12, 28.27, -19.32, -296.45,  6.41, -7.81, -282.71, -10.22,  0.36, -271.95, -20.46,  4.31, -264.09
96.31, -47.92, -313.00, 125.22, -6.95, -296.41, 138.22, 23.62, -287.63, 143.68, 45.12, -275.57, 75.95, 15.80, -299.13, 65.81, 58.71, -276.27, 60.06, 75.95, -266.03, 51.78, 92.77, -253.59, 54.58, 11.69, -293.65, 33.42, 45.42, -275.25, 18.16, 66.24, -255.75, 10.16, 78.58, -248.91, 36.13,  1.67, -301.09,  9.50, 19.22, -271.87, -3.36, 29.00, -261.90, -20.57, 42.51, -250.88, 28.09, -17.44, -297.98,  4.16, -8.06, -286.23, -14.01, -1.64, -276.83, -25.25,  1.12, -269.90
89.81, -54.44, -298.18, 116.90, -12.38, -281.23, 127.03, 19.86, -275.02, 126.54, 43.70, -266.73, 80.85, 13.29, -299.01, 72.16, 61.10, -288.77, 66.78, 80.72, -284.18, 58.34, 100.72, -278.27, 58.41, 13.99, -299.21, 41.25, 53.78, -292.41, 26.60, 80.43, -281.36, 20.08, 95.09, -278.99, 40.67,  6.10, -310.11, 13.12, 33.49, -291.07,  1.04, 47.23, -286.02, -14.50, 65.69, -281.76, 28.19, -10.45, -306.85,  7.25,  7.57, -300.91, -8.94, 20.75, -296.05, -19.52, 27.99, -291.81
89.89, -55.78, -297.66, 117.47, -14.17, -280.44, 128.16, 17.87, -274.10, 127.98, 41.71, -265.78, 81.92, 12.07, -298.33, 73.69, 59.98, -288.17, 68.51, 79.67, -283.64, 60.23, 99.76, -277.81, 59.50, 13.10, -298.74, 42.87, 53.12, -292.00, 28.52, 79.97, -281.05, 22.20, 94.73, -278.72, 41.75,  5.51, -309.83, 14.46, 33.25, -290.93,  2.55, 47.15, -285.93, -12.73, 65.84, -281.75, 29.00, -10.87, -306.76,  8.39,  7.54, -300.85, -7.55, 21.04, -296.04, -18.01, 28.48, -291.85
94.28, -54.15, -299.83, 122.45, -12.43, -283.84, 134.16, 19.20, -277.29, 136.11, 42.56, -267.90, 81.54, 12.96, -298.52, 71.90, 59.94, -285.59, 66.19, 79.12, -279.74, 57.52, 98.50, -272.27, 59.16, 12.40, -296.84, 40.41, 50.98, -287.68, 25.27, 76.46, -274.72, 18.14, 90.66, -271.41, 41.04,  3.70, -306.40, 13.43, 29.15, -284.93,  0.97, 42.07, -278.76, -15.28, 59.47, -272.97, 29.80, -13.54, -302.56,  7.61,  2.43, -295.40, -9.45, 14.01, -289.53, -20.41, 20.19, -284.65
92.11, -56.27, -296.01, 120.64, -15.70, -277.83, 132.46, 15.77, -270.74, 133.36, 39.38, -261.84, 84.90, 11.67, -295.77, 77.42, 59.50, -284.65, 72.54, 79.17, -279.73, 64.58, 99.27, -273.52, 62.50, 12.97, -296.33, 46.25, 53.06, -289.09, 32.10, 79.88, -277.81, 25.92, 94.66, -275.28, 44.74,  5.73, -307.65, 17.51, 33.45, -288.65,  5.67, 47.39, -283.59, -9.51, 66.14, -279.29, 31.79, -10.55, -304.90, 11.03,  7.75, -299.17, -5.03, 21.15, -294.49, -15.58, 28.51, -290.39
102.04, -51.20, -305.13, 128.01, -10.22, -284.26, 137.46, 20.98, -273.39, 138.39, 42.70, -260.54, 84.34, 13.68, -293.04, 72.79, 57.23, -272.15, 66.34, 74.80, -262.94, 57.07, 92.08, -251.93, 62.23, 10.97, -290.26, 41.22, 45.99, -274.27, 25.07, 67.79, -256.65, 17.11, 80.64, -250.76, 44.23,  2.23, -300.03, 16.00, 21.67, -273.63,  2.93, 32.38, -264.98, -14.30, 47.16, -255.77, 34.62, -16.31, -298.18, 11.27, -4.10, -287.97, -6.58,  4.51, -279.79, -17.86,  8.62, -273.62
97.12, -53.96, -299.77, 122.03, -16.29, -272.40, 131.43, 14.02, -259.19, 129.96, 35.91, -246.70, 88.06, 12.86, -288.80, 77.98, 58.09, -270.93, 72.01, 76.61, -263.43, 62.82, 95.30, -254.91, 65.80, 13.99, -291.37, 47.85, 52.11, -279.17, 31.97, 76.50, -265.04, 25.18, 90.59, -260.71, 49.42,  8.61, -305.47, 19.84, 32.43, -284.76,  7.23, 45.19, -278.57, -8.73, 62.81, -272.66, 36.71, -8.04, -306.81, 15.29,  9.01, -299.82, -1.30, 21.41, -294.31, -12.27, 27.97, -289.95
91.28, -46.44, -273.92, 116.56, -0.12, -271.94, 118.66, 33.75, -277.37, 112.43, 58.22, -277.17, 89.83, 17.25, -298.59, 87.47, 66.68, -302.88, 84.59, 87.33, -303.10, 78.66, 108.96, -301.35, 67.74, 21.07, -297.55, 55.34, 62.91, -301.95, 44.47, 92.75, -295.76, 39.31, 108.12, -295.19, 48.11, 12.50, -303.65, 26.77, 48.24, -291.87, 17.15, 64.42, -289.47,  4.48, 85.28, -287.27, 34.32,  0.11, -293.81, 16.26, 21.76, -291.81,  2.35, 37.76, -288.66, -6.59, 46.94, -284.42
95.56, -48.02, -272.32, 112.76,  0.45, -260.32, 113.51, 34.77, -262.04, 105.42, 58.68, -261.67, 90.07, 16.93, -292.82, 79.97, 65.49, -295.47, 73.49, 85.31, -295.62, 63.41, 105.40, -294.72, 68.27, 17.24, -298.16, 50.77, 57.03, -303.95, 33.77, 84.28, -299.98, 26.16, 98.60, -300.27, 53.00,  6.49, -310.29, 23.43, 37.31, -303.42, 10.90, 51.56, -303.07, -5.21, 70.01, -303.71, 39.39, -8.77, -305.77, 18.35,  9.95, -308.04,  1.81, 23.59, -308.45, -9.29, 31.07, -306.70
98.11, -46.02, -270.46, 115.50,  2.04, -257.16, 119.53, 36.17, -257.27, 113.72, 60.73, -256.35, 88.58, 18.61, -290.45, 76.10, 66.49, -294.82, 69.07, 86.03, -296.67, 58.64, 105.91, -298.23, 67.32, 17.16, -297.49, 47.97, 55.65, -305.72, 29.84, 82.45, -305.82, 22.40, 96.56, -308.77, 54.00,  5.38, -310.89, 21.39, 33.64, -307.88,  8.03, 46.97, -309.91, -8.59, 64.35, -314.60, 41.44, -11.10, -307.56, 19.25,  5.69, -312.49,  1.99, 17.98, -315.73, -9.61, 24.85, -316.40
98.28, -49.76, -299.53, 110.54, -20.00, -257.66, 98.39,  3.90, -236.17, 73.16,  4.17, -235.05, 88.38, 16.69, -287.14, 72.99, 37.48, -244.74, 78.40, 18.30, -238.59, 86.76,  4.02, -253.83, 66.21, 16.48, -283.61, 49.87, 53.78, -267.32, 36.88, 77.20, -249.17, 30.62, 90.85, -243.02, 47.02,  9.81, -292.72, 26.58, 39.23, -268.48, 17.25, 53.68, -260.46,  4.90, 73.04, -251.91, 35.47, -7.57, -290.42, 17.81, 11.01, -278.55,  4.13, 24.60, -269.17, -4.69, 31.67, -261.79
99.54, -49.90, -299.61, 111.13, -19.90, -257.71, 98.37,  3.54, -236.07, 73.16,  3.03, -234.79, 87.66, 16.17, -286.91, 71.89, 36.35, -244.35, 77.93, 17.32, -238.32, 86.65,  3.38, -253.67, 65.53, 15.26, -283.25, 48.14, 51.98, -266.73, 34.53, 74.92, -248.41, 27.89, 88.35, -242.17, 46.50,  8.03, -292.26, 25.32, 36.73, -267.79, 15.60, 50.85, -259.65,  2.72, 69.79, -250.95, 35.51, -9.71, -289.97, 17.37,  8.29, -277.90,  3.35, 21.42, -268.39, -5.63, 28.19, -260.92
97.68, -50.26, -300.90, 110.20, -20.69, -258.97, 98.13,  2.96, -237.15, 72.92,  2.98, -235.74, 87.33, 15.97, -287.71, 72.23, 36.37, -245.02, 77.98, 17.18, -239.24, 86.36,  3.25, -254.80, 65.21, 15.52, -283.93, 48.72, 52.51, -267.08, 35.73, 75.63, -248.55, 29.42, 89.16, -242.20, 45.97,  8.76, -292.88, 25.70, 37.81, -268.05, 16.40, 52.12, -259.74,  4.07, 71.31, -250.81, 34.61, -8.74, -290.64, 17.10,  9.67, -278.26,  3.55, 23.12, -268.52, -5.17, 30.09, -260.93
92.10, -47.91, -265.87, 99.74,  0.40, -245.94, 96.05, 34.30, -241.69, 81.99, 55.16, -239.49, 88.83, 14.59, -293.27, 71.27, 60.97, -290.68, 60.49, 77.47, -283.85, 45.08, 88.53, -271.74, 66.96, 15.25, -298.26, 46.48, 54.00, -299.63, 27.17, 72.42, -281.32, 18.18, 74.67, -268.01, 50.99,  3.90, -308.85, 24.03, 35.59, -297.01, 12.03, 47.90, -288.97, -1.60, 55.99, -270.28, 36.85, -10.18, -302.36, 17.46, 10.35, -301.27,  2.64, 23.17, -292.59, -4.16, 25.08, -281.08
94.90, -47.63, -267.04, 101.91,  0.66, -246.84, 98.94, 34.49, -241.55, 85.33, 55.52, -238.39, 88.55, 14.38, -294.99, 68.51, 59.72, -291.87, 57.03, 75.77, -285.13, 41.18, 85.82, -272.73, 66.62, 14.00, -299.77, 44.46, 51.82, -301.44, 24.50, 69.76, -283.38, 15.79, 70.91, -269.74, 51.08,  1.85, -310.10, 23.01, 32.80, -298.92, 10.57, 44.88, -291.19, -2.91, 52.03, -272.02, 37.65, -12.79, -303.33, 17.47,  6.98, -302.82,  2.19, 19.26, -294.14, -4.18, 20.53, -282.31
97.37, -49.51, -305.45, 111.39, -10.00, -273.33, 98.58, 18.68, -259.40, 82.25, 34.02, -247.74, 89.09, 15.84, -287.32, 85.06, 57.85, -261.14, 81.66, 75.01, -249.78, 75.40, 92.16, -236.63, 66.75, 16.23, -285.18, 51.18, 52.18, -265.46, 38.26, 73.99, -245.36, 32.27, 87.13, -237.96, 47.95, 11.25, -296.04, 22.70, 32.13, -267.80, 11.32, 43.82, -258.10, -3.54, 59.99, -247.24, 35.66, -5.76, -296.14, 13.82,  8.05, -284.72, -2.97, 17.73, -275.57, -13.69, 21.97, -268.55
94.91, -48.06, -283.76, 105.25,  1.32, -268.12, 86.81, 30.32, -268.77, 66.53, 45.17, -266.48, 90.01, 19.36, -293.70, 89.10, 68.30, -285.27, 86.95, 88.64, -281.21, 81.90, 109.83, -275.58, 67.68, 21.51, -293.20, 54.25, 63.12, -289.81, 42.39, 91.66, -280.25, 37.13, 106.93, -278.67, 49.02, 13.38, -302.25, 23.83, 44.69, -286.23, 12.73, 59.66, -282.62, -1.66, 79.29, -279.81, 35.72, -1.71, -296.27, 13.70, 15.65, -292.79, -3.29, 28.25, -289.32, -14.25, 34.91, -285.10
101.39, -45.58, -281.02, 101.60, -8.06, -243.85, 79.55, 15.20, -231.45, 54.76, 18.87, -228.37, 90.56, 19.84, -297.45, 82.73, 66.08, -281.09, 78.09, 83.32, -270.32, 70.87, 99.72, -256.71, 68.53, 21.05, -293.31, 51.10, 60.41, -284.94, 39.17, 83.51, -265.69, 32.98, 95.10, -256.16, 49.19, 11.06, -298.00, 39.51, 32.58, -261.74, 41.94, 29.27, -243.21, 52.90,  8.00, -237.94, 38.08, -3.76, -288.14, 19.13, 15.53, -279.93,  4.95, 29.40, -271.82, -3.97, 37.22, -265.37
103.11, -43.08, -280.19, 110.40,  8.93, -274.65, 87.17, 34.24, -275.61, 65.69, 46.76, -271.22, 90.70, 21.22, -299.66, 88.25, 70.82, -299.25, 85.63, 91.49, -298.25, 80.47, 113.19, -295.29, 68.89, 22.44, -294.51, 53.35, 63.45, -295.16, 41.63, 92.81, -288.28, 35.69, 107.91, -288.33, 49.46, 12.04, -297.68, 25.63, 44.54, -281.97, 14.29, 59.39, -278.65, -0.82, 78.53, -276.27, 39.03, -2.33, -286.49, 16.60, 14.02, -281.16, -0.47, 26.01, -276.23, -10.95, 32.65, -270.89
98.49, -47.54, -289.67, 106.00, -18.37, -246.29, 86.43,  6.29, -232.50, 62.03, 12.74, -232.14, 93.90, 20.57, -292.60, 86.08, 68.27, -281.22, 80.50, 87.24, -274.57, 71.80, 106.41, -266.64, 71.59, 22.67, -293.85, 59.50, 49.26, -261.14, 58.62, 24.36, -240.50, 60.67,  8.29, -239.62, 54.16, 15.79, -305.78, 35.66, 53.14, -294.19, 27.55, 69.81, -290.10, 16.96, 91.42, -285.52, 40.65,  0.74, -304.24, 22.98, 22.74, -305.73,  8.26, 37.52, -300.81, -1.49, 44.94, -295.14
94.31, -45.38, -274.84, 104.04, -5.64, -241.45, 86.75, 23.58, -236.14, 63.07, 31.98, -238.62, 96.27, 19.06, -297.46, 98.87, 68.63, -295.90, 97.53, 89.27, -293.25, 93.21, 111.03, -289.47, 74.28, 22.65, -300.14, 64.39, 58.57, -276.98, 60.89, 40.91, -250.09, 61.39, 25.68, -244.54, 56.42, 14.17, -310.25, 41.43, 54.74, -310.66, 34.90, 72.53, -311.87, 26.36, 95.38, -314.13, 41.52,  1.46, -304.97, 22.46, 20.54, -313.40,  6.56, 34.92, -313.48, -3.92, 42.90, -310.52
95.77, -45.83, -282.53, 99.28, -12.04, -242.10, 79.31, 14.64, -233.72, 55.36, 21.84, -237.14, 94.61, 21.57, -293.64, 87.28, 70.48, -289.07, 81.65, 90.24, -285.48, 72.79, 110.44, -281.05, 72.73, 24.19, -297.89, 57.98, 54.78, -270.13, 53.51, 32.50, -247.11, 54.72, 16.58, -244.18, 56.57, 16.51, -311.05, 38.50, 55.50, -306.14, 30.71, 72.77, -304.98, 20.62, 95.08, -304.21, 42.32,  2.15, -309.54, 26.19, 24.54, -315.63, 11.82, 40.38, -314.24,  1.88, 48.80, -310.68
93.42, -45.33, -278.71, 95.93, -9.18, -240.29, 76.69, 18.79, -234.89, 53.34, 26.72, -240.30, 95.97, 21.20, -294.01, 90.56, 70.57, -292.96, 85.61, 90.73, -290.96, 77.41, 111.51, -288.37, 74.53, 24.43, -299.82, 59.48, 57.33, -275.02, 52.59, 36.77, -251.00, 52.91, 21.05, -247.03, 58.90, 16.58, -313.50, 42.32, 56.51, -312.19, 35.26, 74.12, -312.61, 26.14, 96.83, -313.88, 43.95,  2.95, -312.03, 29.25, 25.53, -320.53, 15.54, 42.00, -321.05,  5.79, 51.03, -318.68
94.67, -44.75, -281.67, 98.33, -10.44, -241.69, 78.97, 16.94, -234.15, 55.30, 24.76, -238.18, 95.69, 22.48, -293.82, 89.69, 71.65, -290.16, 84.56, 91.61, -286.99, 76.20, 112.12, -283.05, 73.99, 25.66, -298.58, 59.56, 57.09, -271.61, 53.97, 35.31, -248.35, 54.66, 19.42, -245.16, 57.90, 18.23, -311.96, 40.87, 57.80, -308.02, 33.56, 75.30, -307.30, 24.09, 97.90, -307.08, 43.21,  4.31, -310.53, 27.86, 27.06, -317.30, 13.92, 43.32, -316.46,  4.16, 52.07, -313.24
104.09, -41.10, -309.59, 54.03, -25.08, -314.73, 28.60, -2.26, -311.09, 16.01, 19.60, -312.28, 61.27,  8.54, -290.36, 29.24, 46.46, -288.62, 17.17, 63.47, -288.34,  6.50, 83.25, -289.34, 75.48, 25.91, -290.59, 56.62, 65.37, -287.28, 44.78, 95.12, -291.93, 38.02, 109.83, -290.84, 95.25, 32.56, -282.78, 89.16, 73.81, -294.30, 85.99, 92.47, -295.71, 81.89, 116.62, -295.54, 114.63, 32.01, -290.81, 114.83, 60.23, -292.24, 115.49, 81.57, -294.15, 116.70, 94.71, -296.97
104.44, -39.87, -284.31, 103.67, -3.04, -246.47, 81.43, 20.27, -234.50, 56.58, 24.20, -232.30, 95.03, 25.97, -299.93, 86.85, 71.86, -282.78, 81.91, 88.82, -271.70, 74.27, 104.87, -257.90, 72.88, 27.38, -296.61, 55.60, 66.77, -288.05, 43.25, 89.46, -268.57, 36.86, 100.85, -258.94, 53.61, 17.73, -302.22, 42.80, 38.70, -265.96, 44.48, 35.03, -247.42, 54.97, 13.53, -242.13, 41.95,  2.86, -293.08, 23.07, 22.35, -285.19,  8.84, 36.32, -277.32, -0.16, 44.18, -271.04
104.52, -39.61, -284.39, 103.53, -2.83, -246.50, 81.29, 20.59, -234.74, 56.45, 24.65, -232.81, 95.65, 26.31, -300.01, 87.63, 72.27, -282.96, 82.69, 89.28, -271.96, 75.02, 105.41, -258.28, 73.47, 27.84, -296.93, 56.33, 67.33, -288.55, 43.87, 90.12, -269.26, 37.44, 101.57, -259.73, 54.21, 18.31, -302.77, 43.12, 39.29, -266.61, 44.57, 35.58, -248.05, 54.88, 14.01, -242.68, 42.37,  3.49, -293.78, 23.47, 23.04, -286.09,  9.20, 37.06, -278.38,  0.16, 44.94, -272.20
105.32, -36.75, -283.88, 100.93, -1.10, -245.16, 77.31, 21.31, -234.16, 52.28, 24.59, -233.64, 95.37, 29.29, -298.26, 84.57, 74.31, -280.27, 78.32, 90.67, -268.95, 69.22, 105.94, -255.15, 73.01, 30.08, -296.50, 54.15, 68.75, -287.98, 39.90, 90.35, -268.56, 32.57, 101.20, -258.97, 54.44, 20.16, -303.74, 40.56, 39.77, -267.78, 41.01, 35.59, -249.27, 51.64, 14.19, -243.85, 42.55,  4.76, -295.88, 22.77, 23.64, -288.76,  7.75, 37.10, -281.50, -1.82, 44.60, -275.63
106.78, -35.38, -284.09, 103.49,  0.60, -245.57, 80.09, 22.90, -233.91, 55.07, 25.96, -232.50, 95.70, 30.43, -298.71, 85.67, 75.79, -281.15, 79.88, 92.48, -270.06, 71.32, 108.15, -256.37, 73.41, 31.04, -296.13, 54.55, 69.68, -287.51, 40.76, 91.73, -268.26, 33.65, 102.79, -258.76, 54.68, 20.88, -302.59, 41.95, 40.72, -266.32, 43.12, 36.71, -247.80, 54.14, 15.46, -242.58, 43.23,  5.45, -294.15, 23.32, 24.03, -286.59,  8.30, 37.29, -278.99, -1.22, 44.67, -272.90
99.97, -33.30, -266.71, 101.68, 13.82, -242.91, 81.73, 41.73, -240.91, 57.43, 48.47, -242.12, 98.92, 24.35, -303.37, 95.13, 73.86, -302.50, 91.60, 93.87, -297.80, 85.17, 114.14, -290.47, 76.95, 28.83, -302.49, 63.91, 70.28, -308.42, 53.36, 99.10, -298.19, 47.88, 113.54, -293.21, 56.98, 19.71, -306.25, 46.98, 52.34, -279.66, 47.36, 54.82, -260.85, 55.06, 35.37, -248.10, 43.28,  9.83, -293.79, 26.47, 32.55, -294.13, 13.64, 49.63, -292.35,  5.35, 59.94, -289.68
99.47, -33.39, -266.31, 101.72, 13.65, -242.39, 82.17, 41.84, -240.44, 57.98, 48.93, -241.78, 99.47, 24.35, -302.84, 96.31, 73.91, -301.80, 93.01, 93.93, -297.02, 86.79, 114.25, -289.62, 77.56, 29.15, -302.08, 65.16, 70.81, -307.95, 54.96, 99.72, -297.62, 49.67, 114.21, -292.59, 57.48, 20.34, -305.98, 47.80, 53.04, -279.37, 48.11, 55.47, -260.55, 55.45, 35.88, -247.80, 43.57, 10.63, -293.62, 27.13, 33.61, -294.00, 14.57, 50.89, -292.24,  6.44, 61.33, -289.59
106.08, -37.48, -283.78, 105.20, -1.96, -244.70, 82.96, 20.99, -232.07, 58.12, 24.93, -229.89, 96.99, 28.90, -297.18, 89.10, 74.32, -278.71, 84.23, 91.04, -267.23, 76.65, 106.80, -253.08, 74.82, 30.27, -293.95, 57.63, 69.44, -284.26, 45.20, 91.67, -264.31, 38.78, 102.84, -254.45, 55.56, 20.88, -300.01, 44.59, 40.64, -263.12, 46.14, 36.32, -244.70, 56.53, 14.62, -240.09, 43.80,  5.76, -291.45, 24.81, 24.93, -283.06, 10.50, 38.61, -274.85,  1.43, 46.25, -268.38
100.36, -32.64, -264.82, 101.40, 14.23, -240.50, 81.12, 41.88, -238.29, 56.74, 48.34, -239.55, 98.80, 25.39, -300.86, 94.36, 74.83, -299.40, 90.54, 94.73, -294.45, 83.80, 114.82, -286.88, 76.77, 29.60, -300.03, 63.28, 70.97, -305.54, 52.33, 99.52, -294.97, 46.67, 113.82, -289.82, 56.93, 20.30, -303.99, 46.42, 52.51, -277.09, 46.69, 54.78, -258.25, 54.55, 35.28, -245.68, 43.29, 10.12, -291.71, 26.25, 32.66, -291.87, 13.24, 49.58, -289.96,  4.83, 59.78, -287.21
104.69, -36.38, -274.09, 105.00,  4.95, -241.21, 81.03, 28.62, -234.42, 57.88, 20.96, -240.97, 97.79, 26.85, -299.03, 93.29, 76.30, -297.67, 89.57, 96.34, -293.27, 82.48, 115.68, -284.21, 75.70, 29.53, -296.12, 58.62, 69.92, -296.85, 45.83, 96.39, -283.34, 39.24, 109.62, -276.63, 56.10, 19.90, -300.45, 49.58, 37.40, -261.43, 56.44, 25.99, -247.90, 68.32,  4.58, -248.54, 43.87,  6.93, -289.37, 40.30, 24.84, -267.80, 47.05, 22.09, -247.64, 52.29,  9.65, -247.27
100.11, -32.89, -267.15, 101.45, 12.44, -240.08, 81.16, 39.85, -235.90, 56.75, 46.31, -236.37, 97.87, 27.19, -299.61, 93.77, 76.51, -295.45, 90.16, 96.18, -289.53, 83.67, 115.94, -280.95, 75.85, 31.28, -298.19, 62.21, 72.86, -301.17, 51.38, 100.88, -289.16, 45.76, 114.93, -283.29, 55.96, 22.18, -302.38, 45.82, 52.69, -273.44, 46.39, 53.83, -254.50, 54.49, 33.63, -243.24, 42.54, 11.24, -290.51, 25.27, 33.56, -289.10, 12.12, 50.20, -286.01,  3.64, 60.13, -282.54
108.53, -27.22, -317.68, 62.01, -2.94, -323.65, 42.59, 23.39, -313.13, 36.97, 47.07, -306.42, 62.31, 14.47, -289.51, 28.76, 50.27, -281.77, 16.05, 66.44, -278.36,  4.81, 85.65, -275.03, 76.06, 30.40, -281.69, 55.75, 66.99, -268.55, 43.91, 96.88, -264.93, 36.64, 110.57, -260.13, 94.25, 33.35, -269.20, 89.31, 76.25, -266.79, 86.06, 94.39, -262.24, 81.58, 117.21, -254.51, 114.65, 34.87, -273.91, 115.81, 61.74, -265.25, 117.31, 82.31, -259.41, 119.38, 95.51, -257.49
95.01, -33.27, -265.30, 100.01, 16.78, -249.20, 90.03, 49.63, -250.83, 73.96, 69.08, -251.65, 97.72, 28.77, -293.79, 84.53, 76.65, -293.71, 75.15, 94.13, -287.26, 61.48, 108.94, -277.27, 75.98, 31.50, -298.67, 58.68, 71.80, -299.01, 41.34, 91.58, -280.17, 32.36, 99.27, -269.05, 58.89, 21.60, -308.97, 35.97, 53.38, -290.64, 26.00, 64.65, -279.07, 14.64, 72.35, -258.78, 43.48,  9.10, -302.15, 26.87, 31.53, -297.74, 14.08, 46.33, -288.97,  6.45, 52.07, -279.43
94.74, -33.04, -265.49, 100.64, 17.21, -250.34, 91.23, 50.20, -252.30, 75.78, 70.16, -253.01, 97.27, 28.94, -294.11, 84.10, 76.83, -294.30, 74.75, 94.32, -287.84, 61.11, 109.09, -277.73, 75.49, 31.69, -298.80, 58.22, 72.00, -298.96, 41.07, 91.63, -279.79, 32.22, 99.17, -268.48, 58.31, 21.80, -308.94, 35.44, 53.85, -291.03, 25.42, 65.67, -280.06, 13.62, 75.12, -260.79, 42.94,  9.32, -301.96, 26.45, 31.78, -297.23, 13.83, 46.51, -288.10,  6.41, 52.06, -278.28
94.54, -33.47, -266.67, 101.00, 16.64, -251.29, 92.14, 49.81, -252.81, 77.19, 70.16, -253.04, 96.87, 28.88, -294.51, 83.47, 76.71, -294.12, 74.05, 94.03, -287.32, 60.37, 108.47, -276.81, 75.06, 31.68, -299.03, 57.70, 71.95, -298.41, 40.65, 91.02, -278.60, 31.88, 98.11, -266.94, 57.82, 21.91, -309.19, 34.99, 53.83, -290.98, 24.98, 65.75, -280.13, 13.01, 75.77, -261.24, 42.50,  9.34, -302.28, 26.13, 31.75, -296.94, 13.68, 46.27, -287.27,  6.47, 51.48, -277.12
102.98, -31.40, -271.70, 97.28,  8.48, -237.54, 65.70, 21.98, -238.67, 44.04, 11.87, -246.81, 93.68, 30.05, -300.07, 90.03, 79.24, -294.25, 86.82, 98.88, -287.99, 80.86, 118.59, -278.93, 71.50, 32.05, -297.27, 56.36, 73.20, -298.43, 44.83, 101.52, -287.88, 38.88, 115.98, -283.53, 52.27, 21.45, -300.98, 29.80, 57.51, -292.86, 19.61, 73.38, -290.74,  6.27, 93.66, -287.42, 40.56,  8.66, -289.10, 33.14, 23.20, -266.03, 43.44, 13.39, -250.00, 50.60,  2.00, -251.15
101.56, -36.43, -278.77, 88.99,  3.40, -246.45, 58.11, 18.10, -249.90, 34.25, 14.20, -257.17, 95.35, 29.50, -295.57, 89.25, 75.97, -279.12, 84.61, 93.30, -268.49, 76.96, 109.95, -255.43, 72.98, 31.33, -294.96, 58.09, 72.02, -288.15, 45.56, 96.68, -271.38, 39.19, 109.55, -263.82, 54.31, 21.99, -302.74, 32.09, 56.58, -289.28, 22.15, 72.00, -284.41,  9.09, 91.66, -277.83, 41.37,  7.33, -294.66, 33.24, 15.97, -269.02, 44.66,  0.63, -259.34, 51.44, -9.60, -264.97
104.75, -34.90, -277.50, 97.52,  7.56, -246.93, 66.14, 21.55, -246.28, 41.67, 16.11, -249.31, 94.03, 28.73, -299.93, 89.59, 76.63, -287.56, 86.39, 94.92, -278.07, 80.67, 112.76, -265.61, 72.08, 30.48, -295.60, 57.53, 71.54, -290.55, 47.51, 97.70, -274.36, 42.24, 111.23, -267.11, 52.58, 20.22, -298.93, 32.31, 56.00, -285.51, 23.05, 71.82, -280.58, 10.93, 92.02, -273.84, 41.62,  6.46, -287.21, 37.61, 17.97, -261.71, 50.75,  4.15, -251.93, 56.86, -6.68, -257.19
105.74, -30.74, -315.79, 60.59, -8.07, -331.17, 43.00, 21.46, -331.36, 57.99, 41.61, -328.80, 62.55, 11.07, -283.33, 40.21, 51.80, -300.91, 46.98, 41.87, -317.95, 57.35, 22.06, -315.52, 74.92, 29.79, -283.30, 53.43, 65.96, -270.89, 38.29, 94.48, -268.90, 30.52, 108.02, -264.47, 95.05, 37.56, -277.80, 77.45, 77.04, -276.04, 70.02, 94.09, -272.25, 60.91, 115.79, -265.46, 112.77, 40.16, -288.75, 105.61, 67.15, -284.39, 100.53, 87.79, -281.63, 97.83, 101.01, -281.90
97.25, -34.68, -269.82, 97.32,  8.85, -239.92, 74.15, 34.02, -236.57, 51.17, 26.97, -244.29, 95.36, 26.84, -299.48, 91.17, 76.13, -303.97, 87.40, 96.62, -303.06, 80.22, 117.50, -298.77, 73.28, 30.72, -298.42, 58.55, 71.51, -304.98, 46.15, 100.16, -296.46, 39.85, 114.75, -293.21, 53.57, 21.70, -303.52, 45.19, 42.25, -266.39, 50.48, 31.55, -251.64, 61.28,  9.62, -249.92, 39.94, 10.14, -292.52, 35.76, 29.70, -272.56, 40.91, 28.11, -251.81, 45.47, 15.51, -250.20
98.32, -33.94, -268.71, 98.53, 10.30, -239.86, 75.02, 35.12, -236.37, 51.93, 27.49, -243.18, 94.34, 26.80, -299.74, 90.92, 76.24, -303.10, 87.46, 96.64, -300.52, 80.36, 116.65, -293.08, 72.24, 30.32, -298.06, 56.31, 70.90, -302.86, 43.77, 98.63, -291.88, 37.30, 112.38, -286.19, 52.55, 20.82, -302.31, 44.98, 42.12, -265.43, 50.93, 31.87, -250.60, 62.18, 10.19, -248.71, 39.50,  9.29, -290.61, 35.59, 29.25, -270.99, 41.43, 28.26, -250.39, 46.27, 15.78, -248.63
99.24, -33.73, -270.62, 97.06,  6.26, -236.20, 66.39, 21.75, -237.00, 44.62, 12.13, -245.42, 93.46, 27.44, -300.50, 92.85, 76.89, -295.94, 90.91, 96.84, -290.19, 86.27, 117.11, -281.61, 71.48, 30.90, -297.50, 58.89, 72.86, -299.50, 49.27, 102.08, -289.47, 44.28, 116.97, -285.40, 51.58, 21.44, -300.73, 31.59, 59.05, -293.17, 22.47, 75.58, -291.27, 10.51, 96.75, -288.22, 39.24,  9.72, -288.43, 32.72, 25.56, -265.96, 42.11, 16.27, -249.08, 48.59,  4.43, -249.46
93.20, -34.02, -268.72, 88.36, 11.06, -241.63, 68.92, 39.34, -239.88, 45.88, 49.22, -242.91, 93.76, 29.23, -294.55, 83.21, 77.40, -288.63, 75.73, 95.65, -281.85, 64.47, 112.80, -272.62, 71.80, 31.75, -298.49, 55.09, 72.29, -299.49, 38.60, 96.18, -285.20, 30.03, 107.59, -277.47, 54.51, 21.99, -308.58, 33.61, 49.75, -282.81, 27.06, 52.84, -265.26, 27.97, 38.39, -245.49, 39.59,  8.92, -301.74, 21.03, 30.19, -300.47,  6.47, 45.38, -296.36, -3.05, 53.50, -291.32
101.66, -37.29, -281.74, 86.44, -6.06, -241.96, 55.51,  8.90, -242.55, 35.78,  0.98, -256.17, 92.23, 29.48, -292.74, 86.31, 77.13, -280.06, 81.84, 96.43, -273.53, 74.02, 115.70, -264.95, 69.82, 29.83, -294.07, 52.36, 69.74, -289.04, 37.36, 96.37, -278.43, 29.90, 110.10, -274.04, 52.66, 20.19, -304.49, 23.33, 48.99, -291.04, 10.45, 62.43, -287.35, -6.35, 79.72, -282.98, 40.17,  4.08, -299.39, 27.58, 13.50, -275.90, 34.88,  0.28, -260.69, 42.55, -10.44, -263.58
106.22, -35.03, -284.06, 94.59,  1.35, -247.58, 62.21, 12.65, -245.31, 38.40,  5.59, -249.87, 90.00, 30.20, -296.31, 81.59, 75.69, -278.23, 76.72, 92.63, -267.09, 69.27, 108.64, -253.14, 67.91, 29.25, -292.45, 49.50, 67.75, -282.30, 36.49, 91.00, -263.95, 29.72, 103.14, -255.59, 49.50, 17.98, -297.99, 24.93, 48.60, -279.84, 13.74, 62.36, -273.09, -0.88, 79.88, -264.16, 39.68,  1.58, -288.99, 34.12,  8.77, -262.24, 48.21, -5.17, -254.10, 55.33, -14.51, -260.76
99.43, -35.91, -275.68, 97.25,  4.71, -242.00, 74.76, 29.35, -233.72, 49.90, 33.71, -233.25, 91.79, 28.00, -298.58, 84.30, 75.84, -287.50, 79.39, 94.28, -279.09, 71.61, 112.26, -268.03, 69.52, 29.95, -296.60, 52.46, 70.24, -293.53, 39.38, 95.50, -278.11, 32.64, 108.16, -270.52, 50.42, 19.94, -302.17, 38.07, 44.71, -268.93, 38.74, 43.00, -250.04, 48.63, 22.08, -241.98, 38.10,  6.23, -292.15, 18.73, 26.27, -287.50,  4.03, 40.88, -282.02, -5.34, 49.29, -277.15
98.79, -37.77, -280.83, 108.66, -0.55, -244.68, 89.40, 25.98, -234.37, 64.90, 31.96, -233.27, 91.74, 28.36, -296.51, 87.42, 77.57, -291.35, 83.47, 97.57, -286.96, 76.58, 118.15, -281.05, 69.34, 29.79, -296.30, 58.94, 62.06, -268.47, 60.48, 41.66, -243.41, 63.12, 26.11, -239.61, 51.28, 20.41, -305.20, 32.51, 58.98, -299.59, 24.20, 75.98, -298.15, 13.28, 97.88, -296.98, 38.44,  5.72, -299.68, 17.82, 24.58, -303.86,  1.48, 38.08, -300.64, -8.87, 45.20, -295.69
100.49, -37.36, -281.70, 97.94, -0.23, -244.24, 75.05, 22.97, -233.32, 50.11, 26.68, -232.10, 91.09, 28.26, -298.23, 83.28, 74.86, -282.93, 78.31, 92.54, -273.06, 70.51, 109.54, -260.54, 68.81, 29.48, -295.77, 50.95, 68.94, -288.86, 37.51, 92.66, -271.44, 30.59, 104.56, -262.85, 49.86, 19.60, -302.03, 37.48, 40.78, -266.39, 38.49, 37.27, -247.77, 48.96, 15.92, -241.89, 38.00,  4.71, -293.21, 18.03, 23.55, -286.51,  2.93, 37.06, -279.53, -6.66, 44.65, -273.81
99.39, -37.31, -307.76, 57.50, -21.45, -335.75, 48.25, 10.07, -345.85, 59.48, 32.11, -350.91, 59.59, 13.24, -284.75, 23.56, 47.43, -284.73,  9.76, 62.83, -287.38, -3.04, 80.74, -292.03, 72.97, 30.71, -289.15, 49.73, 58.63, -313.73, 57.67, 42.43, -340.59, 66.37, 29.81, -345.92, 93.54, 38.19, -285.37, 76.34, 77.70, -289.15, 69.02, 95.20, -289.82, 59.89, 117.94, -290.06, 111.22, 37.48, -295.29, 113.47, 65.57, -293.09, 114.73, 86.42, -297.87, 115.83, 98.45, -303.90
98.75, -36.02, -274.43, 102.52,  4.08, -240.26, 81.16, 30.39, -234.52, 56.52, 35.31, -236.98, 91.42, 28.44, -295.86, 85.19, 77.70, -294.68, 80.19, 97.79, -292.21, 72.06, 118.47, -288.63, 69.15, 28.87, -298.60, 54.10, 62.53, -274.85, 53.11, 44.05, -248.31, 55.79, 28.95, -243.03, 52.74, 18.07, -308.96, 32.04, 56.06, -308.73, 23.00, 72.72, -309.65, 11.25, 94.14, -311.54, 39.82,  3.24, -304.00, 19.01, 20.53, -312.18,  1.76, 33.24, -312.09, -9.48, 40.07, -309.05
92.57, -36.88, -270.38, 88.66,  9.25, -244.96, 70.97, 38.68, -243.50, 49.08, 51.06, -245.68, 92.88, 26.85, -294.99, 79.60, 74.38, -289.36, 70.67, 91.77, -282.10, 57.76, 107.36, -272.26, 71.05, 29.04, -299.74, 53.08, 69.05, -299.56, 35.25, 90.54, -283.23, 25.98, 100.27, -274.14, 54.35, 19.15, -310.66, 31.39, 46.88, -286.69, 22.97, 51.85, -270.42, 19.44, 42.47, -248.07, 39.44,  5.66, -304.66, 21.02, 26.95, -302.17,  6.54, 41.70, -296.50, -2.81, 48.94, -289.99
105.77, -36.75, -282.33, 110.96,  0.51, -245.26, 88.30, 23.65, -233.77, 63.22, 25.95, -232.01, 88.78, 28.03, -295.84, 78.57, 76.07, -288.45, 72.31, 95.23, -283.11, 63.10, 114.54, -276.14, 66.43, 26.16, -295.15, 52.10, 55.79, -266.16, 57.19, 35.16, -241.76, 62.16, 20.07, -238.49, 49.72, 14.49, -303.98, 25.67, 49.73, -296.83, 15.00, 65.28, -294.71,  1.04, 85.31, -292.67, 39.29, -2.07, -298.65, 15.61, 13.01, -301.85, -2.74, 23.36, -297.89, -14.05, 28.42, -292.53
91.28, -38.32, -271.43, 79.20,  2.32, -239.95, 56.08, 27.74, -239.12, 32.60, 33.23, -246.59, 93.09, 26.05, -294.26, 81.72, 73.52, -285.12, 73.85, 91.45, -277.95, 62.37, 108.72, -269.20, 71.50, 28.54, -299.86, 54.88, 69.10, -301.31, 37.47, 93.57, -289.26, 28.59, 105.79, -283.35, 55.21, 19.09, -311.75, 32.76, 43.94, -284.37, 26.73, 42.42, -266.44, 32.25, 21.55, -254.85, 39.96,  5.57, -306.74, 21.00, 26.50, -307.88,  5.94, 41.71, -306.78, -4.17, 50.42, -304.70
91.88, -34.20, -266.63, 98.74, 18.06, -263.43, 80.55, 43.69, -277.35, 60.63, 57.40, -284.59, 92.88, 27.54, -295.87, 92.50, 76.84, -301.90, 90.55, 97.44, -304.43, 85.47, 119.26, -306.53, 71.25, 29.19, -301.64, 59.53, 69.72, -313.62, 47.21, 99.54, -315.99, 42.60, 114.48, -320.33, 55.06, 18.38, -312.47, 28.23, 52.31, -312.92, 17.37, 67.41, -316.72,  3.80, 86.64, -323.53, 39.98,  5.26, -306.09, 18.55, 22.16, -313.40,  1.80, 34.66, -318.17, -9.57, 41.88, -318.99
95.97, -38.71, -276.52, 89.81,  0.20, -241.34, 66.99, 25.14, -235.15, 42.47, 30.32, -238.15, 93.55, 26.51, -296.72, 85.73, 73.95, -284.23, 80.08, 92.08, -275.63, 71.20, 109.73, -264.86, 71.30, 29.12, -297.97, 55.03, 69.76, -295.25, 40.45, 94.63, -280.55, 32.98, 107.11, -273.36, 53.00, 20.07, -306.88, 36.44, 43.53, -274.52, 34.21, 40.83, -255.87, 42.23, 19.20, -247.60, 38.95,  6.29, -299.58, 19.65, 26.74, -296.76,  4.68, 41.55, -292.72, -5.09, 50.01, -288.85
100.95, -37.31, -281.49, 96.38, -0.43, -243.96, 72.73, 22.34, -233.81, 47.70, 25.66, -233.54, 91.17, 28.26, -298.03, 84.01, 75.42, -284.20, 79.17, 93.78, -275.58, 71.38, 111.69, -264.41, 68.79, 29.12, -296.42, 50.22, 68.46, -290.83, 35.66, 93.07, -275.70, 28.19, 105.42, -268.28, 50.25, 18.99, -303.46, 36.19, 39.76, -268.21, 36.53, 36.16, -249.58, 47.10, 14.94, -243.42, 38.30,  3.86, -295.18, 17.05, 21.63, -289.58,  0.90, 34.32, -283.45, -9.37, 41.38, -278.27
100.99, -38.18, -283.44, 103.54, 12.58, -269.11, 79.37, 36.75, -272.68, 54.96, 43.18, -273.39, 90.58, 28.22, -295.68, 87.03, 77.04, -287.23, 83.80, 97.26, -283.31, 77.61, 118.22, -277.96, 68.14, 28.37, -296.13, 51.72, 69.00, -294.28, 37.58, 96.92, -286.08, 31.28, 111.85, -285.27, 50.67, 18.36, -305.66, 21.80, 47.58, -292.09,  9.16, 61.53, -289.68, -7.14, 79.78, -288.53, 38.52,  2.30, -299.75, 14.21, 16.64, -298.29, -4.48, 26.96, -296.43, -16.48, 32.20, -293.13
92.97, -44.08, -282.95, 99.51, -9.23, -243.81, 80.99, 18.50, -235.50, 57.22, 26.57, -238.18, 94.04, 22.94, -296.18, 89.27, 72.24, -292.54, 84.77, 92.33, -289.20, 77.09, 113.04, -284.91, 72.12, 26.33, -299.63, 59.78, 58.34, -272.31, 55.38, 36.98, -248.41, 56.08, 21.13, -245.02, 55.13, 18.91, -311.87, 38.86, 58.75, -307.50, 31.82, 76.35, -306.59, 22.66, 99.07, -306.14, 40.39,  5.21, -309.32, 24.65, 27.84, -315.52, 10.79, 44.13, -314.09,  1.25, 52.95, -310.43
93.39, -43.81, -282.17, 98.72, -8.42, -243.34, 79.64, 19.13, -235.69, 55.81, 26.81, -238.89, 93.71, 23.06, -296.17, 88.12, 72.32, -293.23, 83.25, 92.38, -290.23, 75.18, 113.01, -286.33, 71.81, 26.08, -300.05, 58.51, 58.22, -273.33, 54.00, 37.07, -249.27, 54.87, 21.27, -245.68, 55.16, 18.27, -312.51, 38.22, 57.91, -308.89, 30.91, 75.41, -308.32, 21.41, 98.00, -308.30, 40.58,  4.38, -310.05, 24.64, 26.72, -316.79, 10.53, 42.82, -315.81,  0.80, 51.54, -312.42
94.96, -43.53, -287.23, 100.38, -11.26, -245.77, 80.55, 14.74, -235.20, 56.33, 21.66, -236.93, 92.17, 24.22, -295.59, 84.42, 72.79, -288.69, 78.73, 92.30, -284.00, 69.86, 112.16, -278.26, 70.04, 26.63, -298.45, 56.53, 55.89, -268.69, 53.75, 32.66, -246.34, 55.36, 16.67, -244.12, 53.25, 19.19, -310.93, 34.94, 57.66, -303.44, 26.99, 74.74, -301.15, 16.63, 96.83, -298.92, 39.32,  4.55, -309.15, 22.53, 26.89, -313.40,  8.04, 42.42, -310.55, -1.79, 50.53, -306.09
91.37, -43.66, -281.65, 96.89, -7.64, -243.42, 78.09, 20.25, -236.37, 54.36, 28.14, -239.84, 92.52, 22.95, -296.83, 87.49, 72.32, -294.79, 82.83, 92.47, -292.17, 74.97, 113.27, -288.69, 70.68, 26.14, -300.88, 57.60, 58.90, -274.82, 52.72, 38.24, -250.40, 53.40, 22.50, -246.53, 54.01, 18.30, -313.29, 37.51, 58.19, -310.48, 30.39, 75.78, -310.26, 21.15, 98.47, -310.69, 39.26,  4.63, -310.67, 23.62, 27.02, -317.90,  9.69, 43.30, -317.28,  0.04, 52.19, -314.10
91.58, -43.94, -281.33, 96.78, -7.54, -243.42, 77.85, 20.35, -236.74, 54.11, 28.13, -240.41, 92.60, 22.51, -297.16, 87.76, 71.91, -295.26, 83.18, 92.09, -292.71, 75.40, 112.93, -289.30, 70.76, 25.60, -301.35, 57.44, 58.56, -275.67, 52.50, 38.12, -251.09, 53.20, 22.42, -247.06, 54.19, 17.58, -313.77, 37.54, 57.44, -311.43, 30.36, 75.01, -311.42, 21.05, 97.66, -312.12, 39.47,  3.88, -311.10, 23.53, 25.95, -318.67,  9.36, 42.03, -318.31, -0.43, 50.82, -315.28
101.85, -42.04, -285.51, 100.72, -4.19, -248.69, 78.03, 18.78, -236.93, 53.13, 22.05, -234.34, 90.20, 23.03, -302.75, 82.04, 69.64, -287.65, 77.18, 87.28, -277.65, 69.67, 104.18, -264.83, 68.08, 23.89, -299.03, 49.85, 63.10, -291.72, 37.01, 86.70, -273.69, 30.39, 98.54, -264.79, 49.00, 13.53, -303.98, 38.28, 35.19, -268.11, 40.42, 32.09, -249.51, 51.64, 11.07, -243.83, 37.97, -1.41, -294.20, 18.19, 17.32, -286.66,  3.35, 30.78, -279.05, -5.98, 38.35, -272.90
94.65, -45.37, -284.77, 101.52, -10.70, -245.52, 82.48, 16.39, -236.30, 58.40, 23.76, -238.08, 93.27, 21.77, -297.34, 86.75, 70.85, -293.40, 81.60, 90.74, -289.86, 73.28, 111.14, -285.26, 71.16, 24.53, -300.00, 58.83, 55.91, -271.95, 55.90, 34.21, -248.13, 57.18, 18.35, -244.93, 53.99, 16.72, -311.73, 36.70, 56.01, -306.39, 29.18, 73.39, -305.07, 19.37, 95.82, -304.07, 39.76,  2.57, -308.81, 23.42, 24.98, -314.20,  9.34, 41.01, -312.11, -0.23, 49.61, -308.01
103.83, -40.88, -283.20, 101.01, -2.96, -246.56, 77.58, 19.61, -235.46, 52.56, 22.40, -233.53, 91.37, 23.90, -300.96, 82.60, 70.70, -286.82, 77.38, 88.58, -277.45, 69.45, 105.80, -265.33, 69.15, 24.34, -297.81, 50.01, 63.28, -291.43, 36.15, 87.13, -274.52, 29.02, 99.08, -266.19, 50.41, 13.59, -303.22, 38.34, 35.15, -267.72, 40.06, 32.15, -249.06, 51.53, 11.36, -243.02, 39.42, -1.52, -293.68, 18.80, 16.56, -286.86,  3.29, 29.54, -279.77, -6.48, 36.82, -273.96
91.71, -40.58, -269.49, 80.33,  2.46, -241.08, 57.58, 28.19, -242.23, 34.19, 33.32, -250.23, 94.79, 21.76, -297.27, 86.60, 70.52, -292.46, 80.20, 89.74, -287.53, 70.17, 108.80, -281.03, 73.23, 24.27, -303.01, 57.87, 65.00, -308.33, 41.54, 91.69, -300.08, 33.22, 105.04, -296.10, 56.71, 14.26, -314.09, 34.92, 41.56, -288.56, 29.04, 41.35, -270.52, 34.48, 21.09, -257.86, 41.19,  1.50, -308.02, 22.04, 22.01, -311.36,  6.82, 37.09, -311.95, -3.38, 45.87, -310.92
97.64, -43.75, -279.04, 101.20,  4.68, -258.29, 88.69, 36.65, -256.66, 71.81, 55.33, -254.65, 94.08, 22.09, -296.93, 78.85, 68.86, -290.00, 69.09, 85.29, -281.67, 55.25, 98.84, -270.20, 72.01, 23.66, -300.71, 52.22, 62.41, -295.21, 34.14, 79.60, -274.61, 24.87, 86.48, -263.21, 55.39, 14.11, -312.05, 29.66, 42.06, -291.35, 18.34, 52.94, -280.68,  4.29, 63.10, -263.38, 41.35, -0.64, -306.98, 22.44, 19.03, -299.61,  8.15, 31.24, -289.31, -0.11, 35.06, -279.34
99.36, -44.01, -280.42, 101.63,  4.53, -259.73, 89.55, 36.60, -257.14, 72.74, 55.25, -254.50, 93.85, 20.99, -300.73, 75.60, 66.74, -294.29, 64.76, 82.07, -285.22, 50.10, 93.48, -272.54, 71.69, 21.87, -304.18, 50.26, 59.66, -298.14, 32.23, 74.39, -275.68, 23.32, 79.05, -262.94, 55.13, 11.49, -314.86, 29.78, 38.75, -292.83, 18.90, 48.64, -280.82,  6.22, 56.43, -261.36, 41.55, -3.40, -308.99, 23.25, 16.43, -300.57,  9.86, 28.35, -288.83,  2.66, 31.53, -277.86
106.27, -43.46, -310.23, 116.85, -15.72, -266.56, 102.76,  5.76, -243.72, 77.59,  4.47, -242.12, 92.10, 21.90, -296.28, 76.50, 38.12, -252.00, 82.02, 19.34, -244.81, 90.13,  4.16, -259.31, 70.07, 20.10, -292.38, 51.50, 55.78, -274.88, 37.28, 77.80, -255.91, 30.22, 90.83, -249.32, 51.21, 12.31, -301.29, 27.15, 38.85, -277.04, 16.12, 52.02, -268.98,  1.54, 69.74, -260.39, 40.92, -5.86, -299.17, 19.89,  9.45, -288.11,  3.75, 20.47, -279.31, -6.43, 25.81, -272.23
100.25, -42.29, -274.98, 101.54,  8.00, -258.91, 90.77, 40.64, -259.17, 74.79, 60.18, -258.55, 93.61, 20.23, -301.72, 73.11, 65.46, -300.70, 61.12, 81.19, -294.09, 45.13, 92.91, -283.46, 71.72, 19.79, -306.65, 48.63, 57.07, -306.09, 28.50, 73.38, -286.71, 18.67, 78.13, -274.71, 56.34,  7.73, -317.32, 28.31, 36.40, -301.10, 16.04, 47.55, -291.86,  1.33, 57.36, -274.90, 42.98, -7.15, -310.95, 23.26, 12.55, -306.28,  8.55, 24.80, -296.65,  0.78, 28.05, -286.09
101.13, -40.05, -271.89, 100.45, 10.62, -257.02, 89.68, 43.24, -257.81, 73.64, 62.74, -257.78, 92.94, 21.04, -301.36, 69.99, 65.08, -302.26, 56.96, 80.27, -296.39, 39.99, 90.98, -286.21, 71.27, 19.50, -306.99, 46.55, 55.70, -308.45, 25.18, 71.37, -289.88, 15.06, 75.06, -277.75, 56.76,  6.41, -317.67, 27.19, 34.64, -303.54, 14.24, 45.60, -295.03, -1.03, 54.70, -278.16, 43.79, -8.74, -311.14, 23.28, 10.43, -307.88,  7.95, 22.31, -298.78,  0.17, 25.08, -288.09
105.60, -42.81, -313.56, 55.67, -25.82, -316.25, 34.39,  0.73, -311.43, 25.20, 24.23, -312.46, 60.65,  3.80, -291.76, 25.06, 38.34, -289.01, 11.33, 54.02, -288.44, -1.39, 72.56, -289.38, 73.30, 22.24, -293.68, 51.30, 59.99, -289.81, 36.47, 88.40, -294.24, 28.53, 102.49, -292.98, 93.05, 30.70, -287.83, 82.54, 70.94, -299.71, 77.70, 89.23, -301.27, 71.63, 112.97, -301.32, 111.64, 31.46, -297.53, 110.34, 59.62, -299.56, 109.78, 80.91, -301.97, 110.13, 93.96, -305.41
103.12, -43.35, -281.72, 112.86,  8.40, -277.69, 94.46, 37.18, -281.39, 75.31, 53.50, -279.26, 92.83, 20.08, -304.92, 88.21, 69.51, -306.57, 84.56, 90.02, -305.84, 78.09, 111.39, -303.01, 70.66, 21.58, -301.74, 54.68, 62.33, -304.40, 42.11, 91.33, -297.50, 35.87, 106.30, -296.88, 51.52, 11.08, -306.16, 27.48, 44.36, -292.53, 16.36, 59.45, -289.56,  1.67, 78.88, -286.94, 40.06, -2.76, -295.37, 18.45, 15.09, -291.80,  2.00, 28.21, -287.67, -8.15, 35.49, -282.56
99.05, -41.96, -273.95, 102.67,  9.08, -260.89, 91.49, 41.52, -262.78, 75.68, 61.20, -262.32, 93.50, 19.95, -302.31, 75.51, 66.24, -302.02, 64.83, 82.69, -294.92, 50.41, 95.83, -283.73, 71.28, 20.54, -305.47, 50.11, 58.92, -303.97, 32.58, 76.30, -283.06, 23.93, 82.52, -270.82, 54.48,  9.00, -314.44, 29.45, 39.11, -296.07, 18.62, 50.93, -285.90,  5.66, 62.54, -268.65, 40.94, -4.92, -306.49, 22.88, 15.83, -300.01,  9.82, 29.06, -289.34,  2.99, 33.39, -278.53
96.01, -43.76, -274.36, 103.34,  7.36, -263.31, 91.71, 39.33, -268.21, 75.60, 58.70, -269.79, 93.71, 19.29, -300.57, 82.88, 67.75, -301.86, 75.21, 86.80, -298.28, 63.42, 104.87, -291.88, 71.66, 20.80, -304.50, 54.14, 60.92, -307.16, 37.00, 85.08, -294.13, 28.19, 96.93, -287.42, 54.82, 10.21, -314.51, 28.81, 42.42, -301.97, 17.24, 56.47, -296.56,  2.08, 73.39, -287.41, 40.50, -3.48, -307.58, 20.84, 16.73, -305.65,  5.57, 30.79, -300.31, -3.93, 37.27, -293.24
98.97, -40.27, -270.70, 99.09, 10.64, -256.65, 88.62, 43.35, -257.95, 72.71, 62.95, -258.18, 91.17, 20.50, -300.94, 68.93, 64.88, -302.37, 56.22, 80.42, -296.74, 39.51, 91.69, -286.74, 69.44, 19.11, -306.36, 45.20, 55.61, -308.33, 24.12, 72.07, -290.12, 14.06, 76.30, -278.11, 54.70,  6.03, -316.73, 25.47, 34.83, -303.04, 12.66, 46.12, -294.77, -2.52, 55.86, -278.18, 41.63, -8.89, -309.88, 21.26, 10.47, -306.94,  6.01, 22.67, -298.11, -1.77, 25.78, -287.52
98.40, -46.15, -273.66, 105.29,  3.75, -257.79, 100.41, 37.76, -256.96, 87.84, 59.62, -255.74, 93.74, 16.23, -301.13, 75.41, 62.39, -301.18, 64.42, 79.49, -296.51, 48.80, 93.01, -287.59, 71.97, 16.17, -306.63, 50.71, 54.44, -309.24, 30.45, 74.44, -293.87, 20.12, 80.64, -283.00, 56.64,  4.32, -317.60, 28.51, 35.06, -305.97, 15.97, 47.77, -299.53,  0.26, 59.65, -284.96, 42.82, -10.22, -311.44, 22.95,  9.84, -310.27,  7.51, 22.92, -303.20, -0.99, 26.71, -293.42
101.45, -48.63, -315.69, 53.79, -27.39, -323.83, 30.55, -2.37, -319.91, 20.52, 20.80, -319.68, 60.52,  2.00, -294.96, 31.12, 41.92, -292.02, 20.26, 59.69, -290.96, 11.11, 80.25, -290.74, 75.88, 18.06, -291.85, 59.42, 58.25, -285.74, 50.04, 89.15, -287.84, 44.16, 104.11, -285.61, 95.17, 22.19, -281.51, 93.22, 64.80, -288.70, 91.53, 83.70, -288.24, 89.14, 107.93, -285.56, 115.18, 20.92, -287.70, 117.74, 48.99, -285.71, 120.23, 70.26, -284.89, 122.76, 83.48, -286.00
98.70, -46.24, -272.67, 105.08,  3.56, -256.28, 98.29, 37.24, -255.96, 83.01, 57.34, -255.99, 94.75, 15.87, -300.84, 78.62, 62.85, -300.99, 68.42, 80.36, -296.07, 53.44, 94.22, -286.61, 72.94, 16.10, -306.13, 52.67, 54.83, -309.71, 32.97, 75.67, -294.74, 22.87, 81.92, -283.68, 57.31,  4.37, -316.80, 29.29, 35.77, -306.82, 16.75, 48.59, -300.60,  1.20, 60.17, -285.62, 43.32, -9.88, -310.34, 23.08,  9.84, -310.51,  7.28, 22.85, -304.17, -1.26, 26.57, -294.40
99.69, -45.31, -272.31, 103.56,  4.93, -256.49, 95.90, 38.43, -256.03, 81.57, 59.20, -255.00, 94.90, 16.45, -301.13, 74.99, 61.95, -300.61, 63.26, 77.97, -294.20, 47.39, 89.49, -283.19, 73.00, 16.48, -306.08, 50.90, 54.36, -306.61, 31.28, 71.46, -287.40, 21.91, 75.35, -274.73, 57.29,  4.52, -316.37, 30.25, 34.87, -301.56, 18.37, 46.73, -292.70,  4.42, 56.48, -275.07, 43.49, -9.73, -309.52, 24.50, 10.87, -305.89, 10.31, 23.76, -296.31,  3.20, 26.79, -285.24
98.44, -42.14, -269.57, 101.53,  8.09, -253.57, 93.62, 41.53, -253.16, 79.05, 62.14, -252.42, 92.81, 19.68, -298.09, 72.38, 64.95, -298.07, 60.38, 81.02, -292.34, 44.10, 92.77, -282.18, 71.06, 19.19, -303.60, 48.36, 56.68, -305.19, 27.75, 74.16, -287.40, 17.75, 78.44, -275.35, 55.92,  6.91, -314.37, 27.57, 36.71, -300.97, 15.04, 48.49, -292.93,  0.07, 58.30, -276.20, 42.32, -7.74, -307.97, 22.46, 12.20, -305.44,  7.37, 24.77, -296.85, -0.41, 27.78, -286.24
101.54, -46.02, -293.66, 113.34, -7.39, -259.63, 101.26, 21.06, -244.61, 76.03, 21.77, -244.33, 92.42, 21.63, -296.60, 76.22, 52.14, -260.91, 81.55, 34.62, -250.93, 90.41, 17.68, -262.80, 70.17, 22.44, -293.78, 54.02, 62.60, -286.71, 40.94, 89.62, -274.64, 34.75, 104.36, -271.88, 51.12, 14.11, -301.76, 31.18, 48.66, -285.04, 22.15, 64.76, -280.59, 10.26, 85.83, -276.78, 39.22, -2.21, -296.03, 22.34, 19.25, -288.76,  9.22, 35.13, -282.81,  0.68, 44.03, -277.33
92.66, -45.64, -275.92, 92.86, -7.87, -239.00, 72.91, 19.92, -235.63, 49.68, 27.16, -242.36, 94.71, 20.24, -293.91, 88.40, 69.49, -295.19, 83.02, 89.61, -294.27, 74.34, 110.33, -292.92, 73.50, 22.81, -300.77, 56.80, 56.41, -278.06, 49.23, 36.75, -253.51, 49.64, 21.21, -248.86, 58.62, 14.09, -314.77, 41.30, 53.71, -315.86, 33.95, 71.15, -317.34, 24.50, 93.60, -319.96, 43.86,  0.24, -313.36, 29.15, 22.17, -323.43, 15.19, 38.33, -325.25,  5.18, 47.26, -323.67
