79.19, -45.82, -266.09, 107.10, -3.50, -251.28, 119.25, 28.25, -246.28, 121.21, 52.21, -238.56, 67.48, 21.34, -270.62, 57.92, 69.29, -261.91, 52.20, 88.95, -257.93, 43.42, 108.96, -252.57, 45.04, 21.14, -270.62, 26.30, 60.49, -265.76, 10.65, 87.04, -255.91,  3.53, 101.52, -254.20, 27.54, 11.94, -280.86, -1.35, 39.01, -263.44, -14.10, 52.42, -259.19, -30.55, 70.28, -255.93, 15.76, -4.89, -276.55, -6.82, 11.57, -272.32, -24.21, 23.54, -268.66, -35.49, 30.07, -265.13
81.90, -44.26, -269.64, 108.61, -0.47, -257.05, 118.72, 32.11, -252.82, 119.20, 56.11, -245.01, 67.26, 22.45, -271.47, 56.37, 69.81, -261.22, 50.15, 89.13, -256.42, 41.02, 108.65, -249.95, 44.97, 21.36, -269.13, 25.38, 59.87, -261.56,  9.87, 85.63, -249.64,  2.44, 99.81, -246.94, 26.84, 11.65, -277.70, -0.86, 37.35, -256.64, -13.51, 50.21, -250.74, -30.09, 67.42, -245.36, 16.23, -5.70, -272.55, -5.93, 10.25, -265.26, -22.95, 21.84, -259.31, -33.82, 28.09, -254.32
78.83, -40.86, -257.60, 96.40,  1.41, -231.26, 92.27, 33.01, -218.39, 69.88, 42.45, -211.51, 64.85, 23.98, -274.00, 57.52, 71.98, -263.56, 53.12, 88.33, -251.39, 45.68, 97.17, -232.08, 42.76, 24.06, -270.02, 23.58, 63.20, -265.11, 11.66, 82.25, -241.84,  8.54, 82.12, -225.91, 23.98, 13.13, -274.86, -3.28, 42.84, -259.20, -13.66, 53.17, -247.12, -19.32, 55.79, -223.42, 13.56, -2.25, -265.12, -9.80, 13.17, -261.21, -24.94, 22.74, -249.44, -27.50, 22.78, -236.18
72.54, -39.83, -250.89, 83.23,  4.91, -224.93, 77.42, 37.17, -214.62, 59.17, 53.29, -207.93, 61.14, 25.43, -267.61, 46.33, 71.33, -255.76, 38.04, 86.56, -244.18, 26.40, 95.27, -227.01, 38.70, 25.43, -267.19, 17.84, 63.35, -260.07,  2.80, 79.09, -236.14, -2.96, 79.36, -220.97, 20.96, 14.65, -275.25, -5.12, 43.19, -255.85, -15.87, 53.31, -243.92, -25.33, 57.35, -221.68,  9.17, -0.98, -267.69, -11.66, 17.06, -261.41, -25.83, 27.38, -249.07, -30.35, 27.43, -236.36
73.46, -36.84, -282.70, 91.74, -13.58, -238.96, 93.16,  5.87, -210.66, 81.93, 13.77, -189.47, 57.49, 26.28, -261.98, 44.57, 50.29, -220.47, 39.85, 52.67, -200.30, 35.27, 42.42, -180.79, 36.31, 22.72, -255.45, 20.78, 43.87, -220.31, 17.29, 37.63, -188.75, 19.01, 25.59, -178.01, 16.92, 14.31, -262.46,  4.90, 24.26, -222.12,  1.89, 24.20, -203.38,  3.94, 13.83, -181.27,  8.08, -4.61, -260.47, -3.19,  7.80, -237.72, -7.06,  9.51, -216.70, -4.99,  2.64, -205.27
71.74, -42.24, -256.93, 88.41, -2.45, -226.48, 88.15, 27.88, -210.31, 72.59, 43.62, -198.18, 60.04, 23.89, -269.48, 47.41, 66.60, -247.49, 41.52, 78.94, -231.75, 34.06, 80.13, -210.56, 37.99, 24.55, -265.33, 20.67, 61.21, -248.63, 12.29, 72.07, -219.32, 11.28, 66.56, -204.10, 18.79, 14.60, -270.65,  0.40, 43.18, -243.89, -5.92, 52.05, -228.35, -7.98, 51.84, -203.94,  7.87, -0.94, -261.72, -7.62, 20.01, -250.77, -15.94, 31.02, -234.37, -16.20, 29.53, -220.96
64.23, -20.83, -311.31, 12.17, -15.90, -303.91, -15.32, -0.77, -289.89, -16.34, 23.46, -282.86, 34.41, -4.57, -252.03, -1.49, 15.89, -224.47, -17.60, 28.52, -220.49, -31.07, 45.70, -225.92, 42.13, 16.37, -249.69, 20.68, 42.56, -221.79, -0.14, 67.32, -222.00, -7.45, 77.45, -232.35, 60.95, 28.28, -249.67, 43.54, 64.60, -233.89, 34.24, 81.10, -232.67, 21.77, 97.61, -245.78, 70.99, 39.03, -264.64, 68.28, 63.85, -251.39, 61.71, 84.16, -249.46, 55.47, 92.56, -257.98
75.47, -37.42, -240.41, 76.22, 13.56, -226.63, 67.43, 46.78, -225.74, 52.05, 66.70, -223.74, 60.69, 20.99, -272.64, 34.91, 63.42, -271.51, 21.78, 78.08, -264.62,  5.62, 87.13, -251.85, 38.66, 17.98, -275.72, 12.05, 52.84, -276.54, -7.90, 68.62, -256.55, -15.80, 70.40, -242.49, 23.86,  3.47, -283.85, -5.61, 31.74, -269.58, -18.17, 42.79, -260.62, -30.72, 50.46, -241.03, 12.55, -11.81, -274.96, -8.62,  6.67, -271.97, -23.48, 18.32, -261.83, -29.01, 20.21, -249.66
81.76, -42.20, -283.08, 100.40, -0.47, -256.61, 98.75, 30.65, -242.12, 90.50, 49.69, -227.74, 63.72, 21.09, -264.72, 51.47, 62.52, -240.23, 44.75, 79.13, -229.56, 35.22, 95.25, -217.08, 41.69, 17.90, -261.81, 20.66, 50.95, -242.09,  4.65, 70.62, -221.99, -3.32, 82.70, -214.66, 23.58,  9.91, -272.01, -3.72, 26.67, -242.94, -16.49, 36.47, -232.87, -33.38, 50.19, -221.62, 14.19, -8.86, -271.67, -8.02,  2.75, -258.60, -24.97, 10.79, -248.23, -35.61, 14.35, -240.73
87.89, -44.94, -269.93, 110.11,  0.00, -253.34, 117.77, 32.78, -246.42, 117.87, 56.12, -236.78, 66.25, 19.86, -270.31, 50.51, 65.06, -257.02, 42.33, 83.28, -251.01, 31.20, 101.28, -243.38, 44.14, 16.34, -268.77, 20.17, 52.10, -260.38,  1.55, 75.33, -247.72, -7.50, 88.42, -244.57, 27.50,  5.15, -278.41, -3.43, 27.75, -258.31, -17.49, 39.24, -252.79, -35.86, 54.63, -247.68, 18.55, -13.16, -274.76, -6.05, -0.41, -269.20, -24.87,  8.64, -264.38, -36.83, 13.22, -260.10
83.71, -48.78, -272.64, 107.63, -8.96, -247.51, 116.13, 22.26, -235.95, 114.05, 44.69, -224.53, 72.47, 18.15, -264.85, 61.04, 63.85, -249.09, 54.52, 82.50, -242.43, 44.79, 101.27, -234.71, 50.14, 18.40, -267.16, 31.03, 56.44, -256.60, 14.49, 80.95, -243.47,  7.27, 94.99, -239.74, 33.79, 11.76, -280.74,  3.66, 35.56, -260.82, -9.31, 48.18, -255.08, -25.80, 65.51, -249.82, 21.65, -5.36, -281.08, -0.26, 11.28, -274.64, -17.20, 23.37, -269.51, -28.34, 29.75, -265.32
85.72, -43.82, -280.08, 113.77, -1.50, -265.54, 123.27, 30.64, -257.94, 123.66, 53.18, -246.57, 72.56, 22.25, -268.72, 63.93, 67.39, -249.88, 58.77, 85.67, -241.29, 51.02, 103.86, -230.54, 51.01, 20.68, -262.64, 33.99, 57.43, -245.80, 21.43, 80.98, -227.51, 14.94, 94.53, -221.40, 31.43, 12.37, -269.24,  8.83, 34.37, -239.63, -2.13, 46.11, -229.53, -16.93, 62.27, -218.57, 21.49, -5.64, -265.08,  2.16,  9.44, -251.03, -12.66, 20.33, -240.02, -21.97, 25.96, -232.03
82.41, -45.31, -268.43, 111.22, -4.24, -251.93, 123.39, 27.32, -245.83, 124.87, 51.08, -237.44, 74.41, 22.51, -270.24, 66.51, 70.52, -260.26, 61.47, 90.25, -255.77, 53.37, 110.41, -249.92, 51.98, 23.54, -270.29, 35.41, 63.65, -263.94, 21.20, 90.63, -253.15, 14.89, 105.42, -250.93, 34.07, 15.75, -280.97,  7.06, 43.95, -262.35, -4.77, 57.98, -257.50, -19.99, 76.75, -253.49, 21.37, -0.52, -277.51,  0.55, 17.80, -272.07, -15.55, 31.21, -267.55, -26.09, 38.61, -263.53
87.36, -40.61, -279.32, 116.36,  1.43, -265.89, 126.31, 33.65, -259.25, 126.91, 56.57, -248.66, 76.33, 26.26, -270.70, 69.13, 72.36, -253.67, 64.54, 91.13, -245.83, 57.34, 109.97, -235.86, 54.68, 25.66, -264.82, 38.74, 63.58, -249.59, 26.80, 88.20, -232.34, 20.70, 102.18, -226.80, 34.90, 17.75, -271.33, 12.75, 41.64, -242.87,  2.09, 54.14, -233.36, -12.27, 71.19, -223.19, 24.32,  0.27, -266.59,  5.32, 16.48, -253.36, -9.27, 28.24, -242.95, -18.47, 34.45, -235.28
92.28, -38.38, -270.57, 129.50, -1.52, -263.80, 151.98, 24.46, -262.96, 166.44, 44.29, -257.04, 76.81, 28.09, -273.79, 72.59, 75.87, -260.91, 69.24, 95.51, -254.73, 63.35, 115.55, -246.38, 55.03, 27.03, -268.46, 36.16, 65.63, -259.65, 22.14, 91.49, -246.18, 14.97, 105.64, -242.75, 36.04, 16.82, -274.03,  8.98, 42.27, -251.86, -3.76, 54.81, -245.48, -20.67, 71.36, -239.12, 26.39, -0.29, -266.65,  0.94, 10.30, -260.43, -18.40, 17.74, -254.94, -30.48, 21.44, -250.19
87.07, -41.95, -267.62, 124.48, -9.41, -249.42, 148.25, 14.05, -241.34, 162.45, 32.06, -230.78, 79.17, 25.84, -270.83, 76.17, 73.36, -256.71, 73.16, 93.03, -250.47, 67.18, 113.30, -242.75, 56.75, 26.88, -271.32, 39.89, 66.93, -265.41, 25.30, 93.67, -254.51, 18.82, 108.37, -252.21, 39.01, 18.89, -282.15,  9.59, 46.30, -266.21, -3.17, 59.88, -262.59, -19.54, 77.89, -259.82, 26.24,  2.65, -278.49,  1.14, 15.63, -278.39, -18.19, 24.86, -277.61, -30.70, 29.65, -275.90
93.19, -40.93, -273.82, 130.20, -4.55, -264.01, 152.23, 21.65, -261.00, 166.00, 41.42, -253.45, 78.80, 25.86, -272.77, 74.68, 72.79, -257.04, 71.37, 92.03, -249.72, 65.47, 111.57, -240.25, 56.93, 24.80, -267.82, 38.54, 63.04, -256.74, 24.73, 88.21, -241.83, 17.73, 102.23, -237.59, 37.86, 15.30, -274.33, 11.05, 39.74, -250.77, -1.53, 52.07, -243.69, -18.19, 68.51, -236.44, 27.84, -2.10, -268.25,  2.75,  8.92, -261.38, -16.35, 16.64, -255.46, -28.32, 20.44, -250.50
88.30, -42.73, -263.58, 122.60, -7.16, -244.93, 142.21, 19.95, -237.08, 151.31, 41.35, -227.24, 83.53, 25.30, -267.75, 79.88, 73.57, -256.66, 76.57, 93.58, -251.78, 70.21, 114.28, -245.68, 61.22, 27.30, -269.32, 45.98, 68.18, -264.84, 32.20, 95.85, -255.29, 26.35, 110.89, -253.64, 43.68, 19.97, -280.91, 15.61, 49.21, -265.80,  3.64, 63.57, -262.54, -11.59, 82.64, -260.41, 30.05,  4.33, -277.73,  7.17, 20.88, -276.74, -10.53, 32.90, -275.44, -22.15, 39.47, -273.43
90.33, -40.24, -261.24, 121.19,  0.60, -248.22, 135.74, 31.51, -244.48, 139.79, 55.47, -237.65, 82.53, 27.22, -268.69, 76.14, 75.99, -261.76, 71.72, 96.10, -258.49, 64.29, 116.83, -253.84, 60.12, 28.34, -268.60, 43.72, 68.89, -265.37, 29.68, 96.68, -256.57, 23.43, 111.61, -255.45, 42.04, 19.74, -278.36, 14.77, 49.14, -262.13,  2.81, 63.41, -258.47, -12.61, 82.29, -255.97, 29.33,  3.83, -273.26,  7.49, 21.45, -269.91, -9.37, 34.33, -266.88, -20.35, 41.51, -263.69
94.91, -35.87, -255.38, 129.58,  3.56, -261.10, 148.81, 31.00, -268.76, 160.70, 53.26, -269.41, 77.23, 26.19, -277.84, 71.94, 75.54, -279.77, 68.18, 96.05, -279.65, 61.93, 117.55, -277.49, 55.68, 26.32, -271.59, 35.97, 65.43, -274.04, 21.63, 93.89, -268.43, 14.17, 108.27, -269.13, 36.86, 14.51, -273.09,  9.80, 44.96, -258.53, -3.10, 58.60, -255.71, -20.28, 75.98, -253.96, 27.99,  0.23, -260.53,  2.51, 11.83, -256.69, -16.80, 20.30, -252.87, -28.78, 25.09, -248.89
93.44, -34.91, -274.15, 116.69,  9.20, -256.73, 121.66, 42.16, -248.34, 118.19, 64.62, -237.34, 76.66, 30.83, -266.06, 64.72, 75.95, -249.07, 58.13, 94.19, -241.42, 48.73, 112.29, -231.91, 54.63, 28.55, -262.44, 34.43, 64.87, -248.43, 19.00, 88.12, -232.06, 11.34, 101.48, -226.94, 36.26, 19.34, -271.03,  9.58, 41.04, -244.79, -2.91, 52.55, -236.31, -19.46, 68.28, -227.45, 26.57,  1.05, -267.58,  4.97, 15.37, -256.31, -11.57, 25.64, -247.35, -22.01, 30.87, -240.58
88.37, -33.01, -273.44, 114.77,  9.10, -255.59, 123.28, 41.01, -246.06, 123.22, 63.02, -233.70, 72.23, 32.13, -260.63, 62.00, 76.18, -240.09, 56.16, 93.95, -230.88, 47.64, 111.48, -219.64, 50.46, 29.60, -255.77, 31.27, 65.07, -238.53, 16.96, 87.40, -219.99,  9.67, 100.45, -213.69, 31.57, 20.85, -263.69,  6.35, 40.88, -234.81, -5.67, 51.82, -225.01, -21.75, 66.94, -214.38, 22.09,  2.38, -260.66,  0.66, 15.54, -247.78, -15.73, 24.93, -237.64, -26.01, 29.55, -230.22
84.35, -35.88, -261.54, 112.35,  7.21, -249.35, 121.80, 39.94, -244.79, 121.61, 63.74, -236.38, 73.65, 31.59, -260.67, 65.36, 79.12, -248.85, 60.26, 98.56, -243.30, 52.35, 118.28, -235.88, 51.54, 31.73, -256.79, 34.85, 71.07, -246.91, 21.75, 97.34, -233.31, 15.39, 111.83, -229.75, 32.34, 23.37, -264.34,  8.23, 50.39, -240.68, -2.98, 63.94, -233.54, -17.82, 82.13, -226.53, 21.05,  6.58, -259.06,  1.36, 24.41, -249.42, -13.80, 37.44, -241.67, -23.50, 44.57, -235.56
98.94, -18.84, -279.94, 94.88, -22.42, -227.40, 62.03, -26.43, -218.16, 43.31, -34.93, -232.83, 65.44, 34.25, -252.97, 49.83, 56.31, -211.30, 43.48, 61.07, -192.02, 35.55, 62.67, -171.02, 45.39, 24.67, -249.77, 20.44, 43.20, -218.83,  6.58, 46.23, -189.75, -0.91, 48.50, -175.54, 29.54, 13.11, -260.32,  2.93, 20.83, -227.10, -9.33, 24.78, -213.15, -25.04, 29.26, -194.90, 25.73, -7.45, -262.10, 21.15, -17.25, -235.99, 37.28, -30.52, -231.18, 46.92, -34.27, -239.85
88.72, -34.65, -258.44, 103.03,  3.61, -224.96, 96.63, 32.21, -207.01, 73.91, 39.39, -198.68, 70.94, 31.10, -263.83, 60.06, 75.77, -245.04, 54.44, 89.26, -230.17, 46.35, 93.86, -209.68, 48.87, 29.22, -260.22, 27.32, 65.50, -248.25, 14.41, 78.97, -221.82, 11.33, 75.82, -206.21, 30.80, 18.19, -267.13,  2.30, 43.03, -246.09, -8.44, 50.41, -232.30, -14.27, 48.70, -208.56, 21.27,  0.79, -260.28, -2.52, 14.41, -253.44, -17.84, 21.15, -240.05, -20.45, 18.82, -227.01
88.47, -33.57, -279.29, 106.57, -7.18, -237.27, 108.29, 14.37, -210.56, 96.57, 23.88, -190.31, 71.94, 30.70, -263.03, 58.41, 57.97, -223.78, 53.23, 62.04, -204.00, 48.01, 53.55, -183.82, 50.55, 27.55, -257.00, 33.69, 51.72, -224.51, 28.72, 48.35, -192.72, 30.05, 36.91, -181.30, 31.39, 18.73, -264.14, 16.79, 31.85, -225.59, 12.56, 33.30, -207.14, 13.86, 23.64, -184.67, 22.44, -0.04, -261.29,  9.09, 13.59, -240.44,  3.61, 16.41, -219.91,  5.41,  9.71, -208.33
86.68, -33.10, -284.85, 108.57, -7.33, -244.28, 115.32, 14.12, -218.29, 109.49, 25.38, -196.45, 73.24, 30.07, -262.58, 60.68, 56.47, -222.43, 55.08, 61.60, -203.01, 48.19, 56.15, -182.29, 51.74, 27.38, -256.73, 35.11, 51.83, -224.33, 28.19, 49.89, -192.79, 27.99, 39.04, -180.73, 32.16, 20.16, -264.52, 16.56, 31.90, -225.92, 10.89, 34.05, -207.93, 10.16, 24.16, -185.53, 22.35,  1.65, -263.36,  7.57, 13.19, -242.22,  0.43, 14.38, -222.05,  1.54,  6.47, -211.16
93.72, -31.25, -254.46, 90.78,  5.67, -216.81, 73.88, 30.65, -200.34, 50.28, 37.02, -194.01, 71.39, 30.91, -271.94, 46.48, 63.49, -243.93, 38.00, 66.83, -225.18, 33.41, 54.46, -206.96, 49.31, 26.89, -272.27, 25.62, 54.01, -247.24, 19.11, 50.63, -215.73, 21.88, 38.99, -204.77, 34.07, 13.11, -280.86, 13.39, 33.04, -248.51,  8.37, 35.81, -230.42,  9.96, 28.70, -207.03, 25.02, -4.38, -273.60, 10.50, 15.06, -259.12,  3.85, 23.41, -240.53,  5.20, 19.36, -227.72
91.65, -32.50, -270.16, 99.83, -0.45, -228.99, 92.50, 23.94, -205.91, 73.82, 33.37, -191.78, 72.59, 33.09, -268.46, 53.83, 63.89, -234.30, 47.07, 67.34, -214.88, 41.52, 56.76, -195.82, 50.54, 30.40, -265.23, 30.51, 56.53, -236.25, 24.62, 52.27, -204.72, 26.42, 40.23, -193.99, 32.73, 19.85, -273.42, 14.83, 36.12, -237.57, 10.11, 37.62, -219.24, 12.05, 27.26, -197.12, 23.52,  1.62, -268.59,  9.33, 18.38, -250.81,  3.39, 23.34, -230.82,  5.37, 17.03, -219.05
89.27, -33.30, -281.23, 116.69,  9.86, -268.00, 125.93, 42.41, -262.01, 125.81, 65.65, -252.14, 75.83, 33.39, -274.95, 66.39, 79.67, -259.58, 60.86, 98.48, -252.49, 52.62, 117.34, -243.39, 53.98, 32.25, -269.94, 36.26, 70.04, -256.48, 22.85, 94.75, -240.47, 16.10, 108.68, -235.61, 34.75, 23.54, -277.02, 10.71, 47.48, -250.18, -0.72, 59.88, -241.47, -16.00, 76.75, -232.40, 24.52,  5.86, -272.24,  4.54, 21.87, -260.26, -10.79, 33.49, -250.81, -20.48, 39.65, -243.71
94.55, -28.89, -294.24, 116.87,  8.27, -264.06, 125.15, 36.47, -246.25, 126.73, 54.55, -228.70, 76.30, 32.84, -271.33, 56.71, 68.57, -242.94, 47.05, 82.50, -230.78, 34.68, 95.27, -217.00, 54.48, 29.07, -267.66, 33.45, 60.43, -245.36, 17.75, 78.60, -223.67,  9.78, 90.07, -215.41, 36.36, 22.25, -278.40, 13.57, 42.81, -247.92,  2.86, 54.15, -237.10, -11.41, 69.89, -224.90, 26.53,  5.82, -281.64,  9.79, 22.88, -266.57, -3.19, 35.14, -254.71, -11.67, 41.51, -246.36
98.27, -34.09, -288.15, 125.13,  6.98, -268.64, 135.49, 38.14, -258.49, 137.50, 59.97, -245.96, 80.59, 30.88, -276.57, 69.52, 74.61, -255.78, 63.29, 92.25, -246.56, 54.30, 109.61, -235.43, 58.59, 28.11, -273.08, 37.87, 63.26, -257.00, 22.12, 85.22, -239.20, 14.27, 98.11, -233.26, 40.36, 19.15, -282.18, 12.81, 38.98, -255.37, -0.06, 49.79, -246.55, -17.07, 64.67, -237.11, 30.89,  0.64, -279.84,  7.66, 12.85, -269.35, -10.08, 21.46, -260.95, -21.26, 25.59, -254.60
95.28, -35.11, -293.91, 124.12,  4.06, -273.34, 135.25, 34.66, -262.34, 136.58, 56.19, -249.22, 83.97, 30.74, -279.60, 75.02, 74.77, -258.44, 69.63, 92.61, -249.09, 61.45, 110.32, -237.87, 61.85, 29.91, -275.87, 44.79, 66.35, -258.43, 31.41, 89.29, -239.94, 24.91, 102.73, -233.60, 42.76, 23.11, -285.06, 18.42, 44.85, -256.67,  7.12, 56.68, -247.05, -7.84, 73.08, -236.68, 31.58,  5.59, -283.41, 11.75, 21.16, -270.63, -3.51, 32.40, -260.63, -13.29, 38.20, -253.34
94.15, -36.81, -281.54, 129.73, -1.54, -264.82, 150.78, 24.67, -257.70, 162.16, 44.91, -247.77, 85.00, 30.87, -283.23, 80.62, 78.38, -269.39, 77.06, 97.97, -263.21, 70.55, 118.06, -255.44, 62.57, 31.54, -282.65, 45.40, 71.25, -275.44, 30.94, 97.68, -263.65, 24.37, 112.26, -260.92, 44.47, 23.42, -292.78, 15.87, 50.31, -274.61,  3.28, 63.73, -269.98, -12.99, 81.61, -266.00, 32.15,  6.91, -288.80,  7.73, 20.87, -286.15, -11.05, 30.87, -283.52, -23.15, 36.11, -280.65
93.82, -36.06, -267.15, 126.67, -0.94, -245.31, 148.43, 23.65, -235.16, 160.17, 43.09, -224.13, 88.48, 30.55, -281.41, 83.36, 79.54, -275.07, 79.43, 99.86, -272.47, 72.28, 120.94, -269.24, 66.83, 31.29, -287.30, 49.99, 71.61, -291.09, 33.88, 99.46, -287.71, 27.39, 114.27, -289.05, 51.94, 21.70, -300.81, 20.25, 50.77, -296.16,  7.32, 64.60, -297.54, -8.82, 82.67, -301.21, 38.29,  6.00, -298.06, 14.18, 18.63, -305.65, -4.58, 27.69, -310.72, -17.02, 32.55, -312.68
103.13, -34.45, -282.72, 138.63,  3.11, -271.89, 159.94, 29.85, -268.41, 172.95, 50.07, -260.70, 86.78, 31.85, -284.67, 80.50, 79.08, -270.63, 76.25, 98.42, -264.10, 69.29, 118.05, -255.58, 64.69, 30.28, -281.00, 44.57, 68.25, -272.26, 29.15, 93.41, -258.99, 21.51, 107.32, -255.61, 46.34, 20.01, -288.33, 17.40, 44.28, -267.25,  4.05, 56.41, -261.35, -13.51, 72.52, -255.64, 36.47,  2.49, -282.31, 10.62, 12.80, -277.40, -9.07, 19.99, -272.95, -21.46, 23.50, -268.89
97.15, -31.46, -285.63, 132.40,  2.49, -265.78, 154.47, 27.11, -256.39, 167.51, 45.31, -244.73, 83.67, 35.46, -282.84, 77.32, 81.24, -264.64, 72.94, 100.00, -256.66, 65.60, 118.99, -247.08, 61.24, 34.66, -282.61, 41.39, 72.53, -272.85, 25.07, 96.96, -259.30, 17.50, 110.82, -255.58, 43.84, 26.13, -293.59, 12.86, 49.57, -274.55, -0.82, 61.69, -269.44, -18.50, 77.97, -264.69, 32.56,  8.63, -290.97,  6.51, 19.41, -289.07, -13.47, 26.90, -286.96, -26.26, 30.46, -284.51
103.48, -31.28, -284.78, 139.92,  5.79, -275.48, 161.96, 32.04, -272.94, 175.96, 51.80, -265.81, 87.05, 35.03, -285.58, 81.75, 82.15, -270.81, 77.94, 101.45, -263.89, 71.53, 121.03, -254.85, 65.16, 33.42, -280.88, 45.46, 71.33, -270.94, 30.70, 96.39, -256.76, 23.23, 110.27, -252.92, 46.48, 23.19, -287.37, 18.47, 47.27, -264.86,  5.37, 59.33, -258.29, -11.95, 75.35, -251.69, 36.91,  5.64, -280.98, 11.15, 15.58, -274.99, -8.44, 22.50, -269.70, -20.69, 25.82, -265.11
104.19, -28.35, -280.38, 140.71,  8.28, -269.73, 163.18, 34.09, -266.55, 177.04, 53.88, -259.22, 89.85, 38.19, -286.23, 84.61, 86.18, -274.54, 80.75, 105.92, -269.05, 74.12, 126.12, -261.70, 67.59, 37.38, -283.50, 48.19, 76.25, -277.46, 32.93, 102.41, -266.07, 25.55, 116.66, -263.69, 49.29, 27.25, -291.15, 20.06, 53.23, -272.65,  6.77, 65.95, -267.97, -10.60, 82.73, -263.87, 38.67, 10.32, -284.74, 12.77, 21.21, -281.71, -7.01, 28.88, -278.63, -19.53, 32.75, -275.39
101.01, -27.98, -273.45, 135.58,  7.02, -254.24, 157.52, 32.11, -245.83, 169.54, 51.80, -235.58, 93.62, 39.27, -283.00, 88.81, 87.82, -273.69, 85.02, 107.92, -269.64, 78.10, 128.71, -264.52, 71.40, 40.10, -286.03, 54.08, 80.39, -285.33, 38.45, 107.86, -278.38, 31.81, 122.65, -278.04, 54.94, 31.14, -298.05, 24.13, 59.63, -287.55, 11.14, 73.42, -286.39, -5.33, 91.55, -286.85, 41.81, 15.15, -294.50, 17.10, 28.45, -297.82, -2.01, 37.98, -299.64, -14.52, 43.06, -299.55
103.66, -24.23, -287.75, 139.61,  6.78, -264.63, 162.32, 29.78, -252.94, 175.72, 46.56, -239.66, 92.57, 42.77, -280.28, 87.44, 87.29, -258.87, 83.55, 105.57, -249.62, 76.67, 124.07, -238.81, 70.12, 42.81, -280.62, 51.44, 80.60, -268.51, 35.68, 104.57, -253.56, 28.53, 118.40, -248.98, 52.71, 35.80, -292.59, 22.13, 58.94, -272.57,  8.78, 71.16, -266.87, -8.40, 87.72, -261.33, 40.73, 18.59, -291.54, 15.05, 30.20, -289.43, -4.68, 38.27, -287.23, -17.39, 42.13, -284.80
104.22, -24.29, -286.48, 140.36,  6.78, -263.72, 163.21, 29.77, -252.31, 176.70, 46.65, -239.25, 93.65, 42.90, -280.06, 88.81, 87.78, -259.35, 85.04, 106.23, -250.38, 78.27, 124.94, -239.88, 71.21, 43.12, -280.48, 52.79, 81.23, -269.00, 37.17, 105.55, -254.46, 30.13, 119.51, -250.12, 53.77, 36.06, -292.39, 23.32, 59.74, -272.82, 10.05, 72.16, -267.35, -7.02, 88.94, -262.11, 41.65, 18.97, -291.12, 16.06, 30.81, -289.27, -3.61, 39.07, -287.25, -16.30, 43.07, -284.92
102.19, -24.41, -287.87, 139.10,  5.53, -264.84, 162.49, 27.85, -253.19, 176.42, 44.22, -239.93, 93.01, 42.86, -280.17, 89.22, 87.44, -258.62, 85.88, 105.80, -249.30, 79.57, 124.45, -238.41, 70.57, 43.53, -280.41, 53.00, 81.78, -268.10, 37.99, 106.15, -253.01, 31.25, 120.16, -248.37, 52.91, 37.03, -292.31, 23.09, 60.96, -272.09, 10.11, 73.54, -266.29, -6.58, 90.55, -260.62, 40.47, 20.17, -291.26, 15.13, 32.48, -288.99, -4.36, 41.09, -286.67, -16.94, 45.30, -284.18
101.89, -23.82, -287.72, 138.52,  6.32, -264.51, 161.72, 28.79, -252.75, 175.49, 45.22, -239.43, 92.22, 43.36, -279.92, 88.05, 87.88, -258.30, 84.56, 106.19, -248.95, 78.09, 124.78, -238.05, 69.78, 43.88, -280.23, 51.91, 81.99, -267.91, 36.68, 106.22, -252.82, 29.84, 120.18, -248.17, 52.20, 37.28, -292.20, 22.15, 60.97, -272.02,  9.06, 73.44, -266.24, -7.76, 90.34, -260.59, 39.87, 20.33, -291.21, 14.44, 32.46, -289.00, -5.12, 40.93, -286.73, -17.73, 45.05, -284.26
101.69, -25.78, -282.07, 138.98,  9.44, -269.50, 161.93, 34.62, -265.01, 175.99, 53.89, -256.73, 89.67, 41.38, -285.64, 85.71, 89.07, -272.34, 82.37, 108.72, -266.21, 76.24, 128.85, -258.26, 67.35, 41.22, -283.28, 49.16, 80.48, -276.09, 34.60, 106.71, -263.98, 27.66, 121.10, -261.18, 48.85, 32.01, -291.57, 20.25, 58.28, -272.52,  7.34, 71.28, -267.56, -9.51, 88.49, -263.07, 37.57, 15.22, -285.97, 12.08, 27.00, -282.82, -7.43, 35.32, -279.68, -19.83, 39.56, -276.44
102.06, -26.07, -285.00, 132.43, 14.89, -271.22, 146.64, 45.71, -265.82, 151.31, 68.86, -256.89, 88.77, 40.94, -284.47, 80.38, 88.11, -271.37, 75.21, 107.40, -265.36, 67.17, 126.92, -257.58, 66.50, 40.22, -281.79, 47.81, 78.80, -272.50, 33.01, 104.35, -259.28, 25.90, 118.54, -255.88, 48.04, 31.16, -290.34, 20.69, 56.48, -268.37,  8.20, 69.28, -262.01, -8.19, 86.44, -255.94, 37.16, 13.87, -285.56, 14.23, 28.77, -278.42, -3.35, 39.51, -272.51, -14.56, 45.19, -267.59
102.16, -25.19, -288.30, 127.16, 18.82, -273.22, 133.90, 51.82, -266.42, 129.68, 74.60, -256.38, 86.38, 41.08, -283.08, 76.59, 87.09, -267.14, 70.89, 105.78, -259.88, 62.43, 124.49, -250.68, 64.35, 39.28, -279.18, 45.11, 76.61, -266.53, 30.38, 100.90, -251.03, 23.08, 114.63, -246.42, 45.77, 29.96, -287.18, 19.31, 53.06, -261.94,  6.93, 65.05, -253.99, -9.48, 81.32, -245.85, 35.86, 11.98, -282.81, 13.73, 26.31, -272.64, -3.21, 36.61, -264.49, -13.90, 41.88, -258.14
107.24, -24.05, -277.66, 116.50, 25.66, -262.42, 107.18, 58.47, -258.21, 92.26, 77.74, -251.59, 80.78, 38.71, -283.13, 63.65, 84.08, -272.44, 54.90, 102.35, -267.50, 43.20, 120.41, -260.93, 58.97, 33.59, -281.85, 32.61, 68.17, -276.08, 12.31, 90.83, -265.06,  2.38, 103.46, -262.81, 43.45, 20.44, -290.89, 10.17, 41.24, -272.70, -5.00, 51.71, -268.14, -24.79, 65.60, -264.21, 35.89,  1.64, -285.65,  9.69, 11.25, -281.18, -10.26, 17.92, -277.07, -22.74, 20.93, -272.88
101.92, -27.15, -293.95, 118.16, 14.05, -265.18, 113.61, 44.48, -249.87, 104.07, 62.77, -235.31, 81.89, 35.84, -276.66, 69.79, 76.82, -251.35, 63.12, 93.25, -240.38, 53.62, 109.19, -227.65, 59.83, 32.23, -274.65, 37.57, 64.95, -255.75, 20.54, 84.33, -236.22, 12.11, 96.26, -229.17, 42.32, 23.84, -285.55, 13.05, 39.98, -258.10, -0.49, 49.48, -248.79, -18.32, 62.76, -238.50, 33.29,  4.89, -285.52,  8.98, 14.71, -274.97, -9.55, 21.35, -266.49, -21.14, 23.93, -260.06
99.14, -28.26, -270.39, 118.77, 19.37, -258.74, 121.34, 53.50, -255.67, 115.58, 77.16, -248.99, 79.43, 36.97, -275.30, 64.42, 83.62, -267.17, 56.51, 102.50, -263.19, 45.64, 121.37, -257.54, 57.25, 34.25, -273.19, 34.63, 71.36, -267.28, 16.99, 96.15, -256.28,  8.42, 109.74, -254.00, 40.07, 22.82, -281.57, 10.46, 47.33, -261.73, -3.11, 59.46, -256.35, -20.90, 75.61, -251.54, 30.74,  4.94, -275.86,  7.71, 19.86, -269.08, -9.92, 30.63, -263.39, -21.10, 36.36, -258.44
90.14, -26.19, -272.34, 115.48, 17.92, -258.16, 123.08, 50.81, -251.72, 121.66, 73.94, -241.68, 74.11, 39.91, -265.99, 62.69, 85.72, -250.55, 56.33, 104.28, -243.47, 47.23, 122.77, -234.44, 52.21, 37.94, -261.48, 32.81, 74.97, -248.20, 18.15, 99.06, -232.34, 10.78, 112.70, -227.55, 33.47, 28.58, -269.04,  7.97, 51.42, -242.61, -4.11, 63.33, -234.08, -20.21, 79.55, -225.26, 23.80, 10.50, -264.58,  2.95, 25.63, -252.97, -13.03, 36.58, -243.79, -23.11, 42.31, -236.88
93.04, -28.33, -270.15, 118.15, 15.46, -254.63, 125.50, 48.14, -246.97, 124.01, 70.82, -235.96, 76.40, 37.27, -260.80, 64.78, 82.26, -243.27, 58.35, 100.43, -235.31, 49.22, 118.42, -225.33, 54.62, 34.86, -255.97, 35.08, 71.07, -240.80, 20.46, 94.30, -223.67, 13.04, 107.64, -218.16, 35.84, 25.59, -263.56, 10.61, 47.03, -235.72, -1.43, 58.43, -226.48, -17.53, 74.08, -216.67, 26.46,  7.23, -259.66,  5.68, 21.64, -247.04, -10.24, 32.01, -237.11, -20.24, 37.33, -229.77
92.69, -27.10, -269.89, 115.71, 17.70, -254.02, 121.19, 50.71, -246.18, 118.37, 73.24, -235.13, 73.60, 37.86, -260.75, 60.28, 82.41, -243.30, 53.17, 100.35, -235.39, 43.35, 118.00, -225.49, 51.89, 34.66, -256.07, 30.94, 70.16, -241.08, 15.37, 92.86, -224.08,  7.43, 105.93, -218.65, 33.52, 24.71, -263.78,  7.33, 45.28, -236.17, -5.18, 56.27, -227.05, -21.90, 71.35, -217.40, 24.78,  6.03, -259.93,  3.36, 19.66, -247.51, -13.01, 29.44, -237.74, -23.26, 34.38, -230.47
112.70, -12.52, -266.11, 77.45,  0.62, -303.18, 48.96, 17.94, -311.51, 32.91, 37.41, -312.39, 49.89, 12.69, -275.44, 11.17, 38.77, -292.41, -4.55, 51.07, -298.46, -20.03, 66.58, -303.55, 50.17, 29.00, -260.02, 16.81, 57.29, -263.27, -2.57, 82.77, -267.92, -14.78, 93.41, -268.98, 54.30, 32.74, -238.46, 37.16, 72.46, -238.49, 26.83, 88.28, -236.67, 12.21, 107.62, -233.12, 71.44, 39.12, -228.16, 59.49, 63.10, -219.19, 51.23, 81.70, -212.47, 47.85, 94.23, -208.75
113.92, -12.56, -271.26, 76.70, -0.00, -306.55, 47.03, 16.04, -313.15, 29.86, 34.55, -312.85, 49.55,  9.41, -277.70,  8.83, 33.89, -292.16, -7.77, 45.50, -297.12, -24.27, 60.30, -300.98, 49.45, 25.13, -261.68, 14.48, 51.59, -262.79, -6.44, 76.08, -265.83, -19.25, 86.03, -266.09, 54.07, 28.31, -240.13, 34.77, 66.97, -238.19, 23.64, 82.11, -235.48,  8.09, 100.45, -230.79, 71.15, 35.25, -230.12, 58.07, 58.22, -220.13, 48.92, 76.09, -212.64, 44.91, 88.29, -208.45
108.29, -21.31, -249.70, 95.66, 24.93, -227.52, 73.09, 49.68, -219.81, 49.24, 55.06, -213.52, 70.38, 30.25, -273.63, 39.37, 60.86, -249.79, 32.94, 63.62, -230.15, 33.01, 53.93, -209.85, 49.97, 21.24, -271.14, 21.60, 45.90, -248.55, 21.48, 43.03, -216.32, 29.57, 32.89, -206.58, 38.05,  3.08, -276.05, 14.47, 18.90, -243.41, 10.53, 21.42, -225.02, 23.00, 12.26, -206.02, 34.03, -14.58, -265.46, 14.01, -0.08, -251.76,  8.08,  5.98, -232.07, 16.37,  0.38, -223.00
109.91, -22.44, -252.65, 99.70, 23.75, -229.16, 78.28, 48.69, -219.14, 55.08, 53.85, -210.62, 70.24, 28.75, -274.42, 41.32, 59.99, -248.84, 36.23, 63.58, -228.94, 37.86, 54.46, -208.43, 50.10, 19.94, -269.89, 23.62, 45.28, -245.80, 25.54, 43.82, -213.54, 34.16, 34.13, -203.78, 37.71,  1.74, -273.25, 16.84, 19.13, -239.58, 14.32, 22.44, -221.06, 27.33, 14.53, -201.87, 34.57, -15.63, -261.90, 15.96, -0.12, -247.34, 11.41,  7.02, -227.65, 19.75,  2.11, -218.24
101.86, -31.90, -253.65, 94.03,  9.26, -221.49, 74.93, 34.90, -208.90, 51.40, 41.87, -202.99, 74.52, 28.59, -269.82, 45.90, 59.05, -242.99, 37.50, 60.06, -223.93, 33.86, 47.21, -205.82, 52.85, 22.77, -270.38, 26.05, 47.49, -246.01, 21.16, 40.39, -214.82, 26.09, 27.89, -205.71, 38.85,  7.98, -279.38, 14.75, 22.88, -246.69,  9.22, 23.41, -228.54, 16.16, 10.74, -208.76, 31.25, -10.37, -272.58, 12.91,  5.72, -258.33,  5.65, 10.38, -238.71, 10.59,  2.90, -228.62
110.36, -25.07, -270.64, 105.75, 13.61, -234.97, 91.00, 37.71, -215.40, 73.71, 47.00, -199.53, 69.43, 29.47, -266.36, 38.08, 54.93, -237.44, 26.69, 59.93, -220.71, 17.13, 56.46, -200.64, 49.81, 19.06, -263.11, 18.71, 38.46, -239.03,  7.37, 37.64, -208.74,  6.92, 31.42, -193.76, 36.72,  3.17, -271.60, 11.72, 11.74, -237.35,  2.82, 13.46, -220.68, -0.80,  9.30, -196.81, 34.62, -17.28, -267.41, 13.86, -9.95, -249.70,  3.25, -8.42, -231.14,  3.30, -12.39, -218.24
101.09, -27.87, -245.74, 86.33, 14.66, -218.13, 64.02, 39.58, -210.25, 39.54, 45.33, -208.00, 72.18, 29.45, -269.10, 38.30, 59.09, -248.10, 27.50, 60.30, -230.30, 22.40, 48.16, -212.06, 51.23, 21.99, -272.15, 19.87, 45.86, -252.91, 11.63, 39.75, -222.23, 16.29, 28.05, -211.99, 39.62,  5.73, -281.98, 10.41, 20.13, -253.50,  2.53, 21.04, -236.26,  8.18,  9.58, -215.36, 32.42, -12.75, -275.13, 11.16,  2.35, -264.26,  1.12,  7.17, -245.94,  5.59,  0.37, -235.16
95.61, -29.40, -278.25, 117.06, 14.21, -257.59, 120.83, 46.38, -246.10, 117.05, 67.39, -232.62, 74.53, 33.65, -262.48, 60.49, 75.73, -240.15, 53.11, 92.54, -230.25, 43.05, 108.78, -218.37, 52.97, 29.27, -258.01, 31.05, 62.32, -239.28, 14.94, 82.56, -219.84,  6.65, 94.70, -212.98, 34.86, 19.55, -266.57,  8.17, 36.30, -236.94, -4.65, 45.86, -226.71, -21.80, 59.26, -215.47, 26.76,  0.30, -264.58,  4.68, 11.51, -250.98, -12.17, 19.39, -240.32, -22.65, 23.00, -232.61
90.17, -26.42, -285.82, 106.54, 11.21, -252.58, 100.26, 39.31, -233.81, 88.92, 54.88, -217.49, 73.75, 34.47, -259.55, 63.38, 72.52, -229.36, 57.44, 87.71, -216.36, 48.72, 102.24, -201.57, 51.70, 31.39, -256.71, 31.91, 62.24, -232.62, 16.78, 79.66, -209.93,  9.26, 90.92, -201.00, 33.30, 25.09, -267.54,  6.83, 38.83, -236.20, -5.54, 47.62, -224.80, -21.93, 60.25, -211.69, 23.48,  6.69, -269.43,  1.34, 16.76, -255.06, -15.59, 23.60, -243.82, -26.19, 26.16, -235.86
102.39, -30.84, -284.47, 127.01, 12.94, -268.15, 136.72, 45.01, -260.53, 138.45, 67.79, -249.77, 80.46, 33.55, -278.06, 65.77, 77.74, -260.80, 58.07, 95.50, -253.03, 47.60, 112.91, -243.37, 58.63, 29.64, -274.56, 35.49, 64.52, -261.48, 18.12, 86.77, -245.67,  9.38, 99.57, -240.86, 41.15, 18.89, -283.17, 12.19, 39.23, -258.30, -1.38, 49.97, -250.49, -19.33, 64.59, -242.47, 32.79,  0.14, -279.69,  8.92, 12.10, -270.44, -9.29, 20.57, -262.95, -20.73, 24.72, -257.11
110.74, -19.99, -295.53, 61.20, -12.59, -312.28, 33.09,  7.10, -310.48, 20.40, 28.90, -309.39, 50.94, 10.48, -282.70,  8.44, 35.81, -286.99, -8.42, 47.96, -288.69, -24.66, 63.38, -290.90, 58.41, 30.73, -276.57, 27.21, 61.45, -273.95,  7.54, 86.80, -278.10, -3.81, 98.36, -277.20, 72.62, 40.76, -262.66, 56.26, 80.19, -269.64, 47.61, 97.08, -269.31, 35.99, 118.52, -267.00, 92.40, 47.34, -264.82, 84.82, 74.38, -261.69, 79.74, 95.13, -259.98, 77.86, 108.49, -260.48
99.86, -33.49, -278.23, 128.01,  9.77, -267.06, 140.41, 41.65, -263.70, 143.55, 65.62, -256.40, 83.92, 32.82, -282.43, 73.32, 80.39, -272.86, 67.24, 99.81, -268.32, 58.26, 119.47, -262.05, 61.66, 31.39, -279.92, 41.36, 69.73, -273.51, 25.40, 95.53, -262.25, 17.70, 109.62, -259.93, 43.68, 21.03, -288.00, 15.17, 46.70, -268.04,  2.13, 59.41, -262.67, -14.96, 76.31, -257.92, 33.44,  3.67, -282.15, 10.01, 18.29, -276.13, -7.93, 28.85, -271.04, -19.34, 34.50, -266.56
98.15, -34.99, -278.00, 134.96,  0.44, -264.63, 157.36, 26.03, -259.68, 170.59, 45.78, -251.15, 87.22, 32.32, -282.21, 83.16, 80.19, -269.60, 79.76, 99.93, -263.81, 73.52, 120.20, -256.29, 64.84, 32.49, -280.47, 47.04, 72.06, -274.03, 32.54, 98.60, -262.53, 25.74, 113.11, -260.03, 46.45, 23.51, -289.24, 17.87, 50.38, -271.00,  5.07, 63.62, -266.41, -11.56, 81.17, -262.44, 34.77,  6.92, -283.88,  9.64, 19.55, -281.18, -9.62, 28.54, -278.41, -21.93, 33.19, -275.40
100.42, -34.89, -284.38, 138.32, -0.69, -270.83, 161.60, 24.01, -265.46, 176.27, 42.42, -256.34, 87.75, 32.18, -281.56, 84.28, 78.49, -263.95, 81.18, 97.50, -255.95, 75.39, 116.81, -245.95, 65.58, 31.56, -278.06, 47.51, 69.85, -266.59, 33.43, 94.77, -251.52, 26.54, 108.79, -247.14, 46.74, 22.88, -286.14, 18.95, 47.07, -263.49,  6.20, 59.44, -256.78, -10.53, 75.99, -249.98, 35.89,  5.55, -281.42, 10.44, 16.58, -276.06, -8.99, 24.28, -271.29, -21.27, 28.01, -267.11
100.40, -34.05, -288.59, 136.06, -2.61, -265.59, 158.39, 20.73, -253.88, 171.66, 37.55, -240.51, 87.58, 32.36, -278.99, 81.74, 76.13, -256.24, 77.58, 94.03, -246.39, 70.46, 112.02, -234.91, 65.14, 31.75, -278.74, 45.70, 68.62, -265.10, 29.67, 91.71, -249.08, 22.25, 105.20, -243.94, 47.61, 24.54, -290.43, 16.94, 46.21, -268.98,  3.39, 57.88, -262.59, -14.10, 73.77, -256.14, 36.17,  6.96, -289.54, 10.24, 17.74, -286.42, -9.66, 25.16, -283.48, -22.40, 28.57, -280.61
99.81, -34.05, -288.86, 135.91, -3.10, -265.87, 158.58, 19.93, -254.17, 172.08, 36.57, -240.81, 87.95, 32.56, -279.33, 82.74, 76.43, -256.63, 78.83, 94.39, -246.80, 71.97, 112.50, -235.34, 65.51, 32.27, -279.09, 46.60, 69.43, -265.50, 30.89, 92.77, -249.52, 23.67, 106.37, -244.40, 47.88, 25.30, -290.79, 17.51, 47.44, -269.37,  4.14, 59.31, -263.01, -13.13, 75.46, -256.58, 36.19,  7.90, -289.88, 10.41, 19.05, -286.79, -9.37, 26.76, -283.87, -22.07, 30.36, -281.01
100.14, -33.65, -286.12, 138.27,  0.34, -272.70, 161.73, 24.89, -267.42, 176.52, 43.25, -258.38, 87.94, 33.52, -283.61, 84.79, 79.94, -266.21, 81.82, 99.00, -258.31, 76.16, 118.39, -248.40, 65.77, 33.08, -280.12, 47.97, 71.54, -268.84, 34.05, 96.63, -253.89, 27.25, 110.72, -249.58, 46.87, 24.49, -288.18, 19.24, 48.98, -265.65,  6.57, 61.47, -259.01, -10.05, 78.17, -252.30, 35.90,  7.25, -283.38, 10.52, 18.49, -278.09, -8.86, 26.35, -273.37, -21.11, 30.19, -269.21
97.47, -35.19, -267.60, 132.71, -0.76, -248.59, 155.76, 23.35, -240.31, 168.76, 42.57, -230.35, 92.59, 31.45, -281.84, 89.11, 80.58, -275.43, 85.87, 100.99, -272.67, 79.48, 122.26, -269.04, 70.57, 32.68, -286.05, 54.43, 73.36, -288.79, 39.27, 101.60, -284.35, 33.04, 116.56, -285.28, 54.46, 23.38, -298.30, 23.91, 53.21, -291.40, 11.23, 67.33, -291.88, -4.72, 85.76, -294.41, 40.70,  8.02, -294.40, 16.37, 21.18, -300.20, -2.50, 30.66, -303.86, -14.94, 35.80, -304.88
99.77, -34.27, -288.56, 135.86, -3.07, -265.92, 158.51, 20.11, -254.47, 172.01, 36.88, -241.28, 87.76, 32.37, -279.49, 82.51, 76.39, -257.09, 78.59, 94.42, -247.38, 71.72, 112.60, -236.03, 65.32, 32.02, -279.17, 46.36, 69.24, -265.79, 30.65, 92.65, -249.92, 23.41, 106.27, -244.88, 47.68, 24.92, -290.75, 17.32, 47.15, -269.39,  3.94, 59.03, -263.07, -13.35, 75.18, -256.71, 36.03,  7.50, -289.67, 10.23, 18.60, -286.58, -9.56, 26.28, -283.64, -22.25, 29.88, -280.77
98.37, -34.81, -285.18, 132.65, -1.20, -263.17, 153.09, 24.17, -252.24, 164.06, 43.03, -239.52, 86.90, 32.24, -278.77, 80.73, 77.42, -259.09, 76.41, 95.94, -250.54, 69.11, 114.68, -240.45, 64.46, 32.11, -278.78, 45.71, 70.04, -267.20, 30.03, 94.30, -252.63, 22.88, 108.20, -248.29, 46.92, 24.75, -290.36, 16.86, 48.21, -269.94,  3.65, 60.53, -264.10, -13.38, 77.22, -258.45, 35.09,  7.49, -288.83,  9.98, 20.01, -285.43, -9.31, 28.82, -282.30, -21.72, 33.17, -279.28
99.92, -34.79, -283.83, 136.61,  0.77, -270.49, 159.06, 26.27, -265.29, 173.08, 45.26, -256.33, 85.09, 31.87, -281.94, 80.03, 78.26, -264.95, 76.27, 97.26, -257.22, 69.80, 116.50, -247.50, 62.93, 30.58, -278.57, 43.57, 68.41, -267.70, 28.60, 93.06, -253.04, 21.24, 106.90, -248.87, 44.43, 21.20, -286.65, 15.73, 44.77, -264.47,  2.55, 56.80, -258.00, -14.75, 72.90, -251.52, 34.11,  3.59, -281.77,  8.28, 13.87, -276.71, -11.41, 21.00, -272.15, -23.83, 24.39, -268.09
99.00, -34.62, -286.76, 130.16,  3.96, -268.59, 145.85, 33.27, -259.89, 152.11, 54.90, -248.47, 84.47, 31.75, -279.55, 76.20, 77.05, -260.94, 71.08, 95.50, -252.68, 63.11, 113.97, -242.61, 62.20, 30.37, -277.15, 42.74, 67.42, -264.02, 27.40, 91.13, -248.24, 20.01, 104.73, -243.39, 43.97, 21.89, -286.73, 15.63, 44.18, -262.82,  2.71, 55.95, -255.43, -14.22, 71.98, -247.89, 33.37,  4.01, -283.82,  9.32, 16.77, -276.26, -9.09, 25.81, -270.03, -20.79, 30.30, -265.02
102.33, -32.71, -284.22, 136.48,  5.93, -272.86, 156.75, 33.39, -268.82, 169.34, 53.65, -260.55, 82.28, 32.53, -281.13, 74.33, 78.37, -263.74, 69.45, 97.00, -255.75, 61.95, 115.64, -245.62, 60.54, 29.45, -276.47, 38.86, 65.59, -264.31, 22.83, 88.95, -248.69, 14.63, 102.15, -244.04, 42.41, 18.60, -283.49, 13.32, 39.79, -259.51, -0.37, 50.73, -252.20, -18.47, 65.39, -244.62, 33.86,  0.20, -278.10,  7.71,  8.52, -271.36, -12.13, 14.15, -265.54, -24.49, 16.60, -260.69
99.19, -34.33, -283.56, 128.12,  5.02, -263.48, 141.71, 34.85, -253.15, 146.87, 56.09, -240.50, 80.91, 30.53, -272.30, 70.54, 74.12, -250.85, 64.59, 91.72, -241.39, 55.83, 109.08, -230.08, 58.82, 27.67, -269.55, 37.49, 62.67, -253.94, 21.12, 84.46, -236.50, 13.04, 97.28, -230.71, 40.91, 18.66, -279.25, 11.82, 37.82, -253.60, -1.62, 48.35, -245.32, -19.31, 62.86, -236.55, 31.47,  0.04, -277.17,  6.77, 10.74, -268.55, -12.07, 18.17, -261.54, -23.95, 21.56, -256.09
97.63, -33.94, -284.96, 118.94,  5.44, -256.96, 120.71, 35.82, -240.99, 115.66, 54.98, -225.34, 79.92, 28.88, -264.76, 69.03, 69.36, -238.12, 62.86, 85.59, -226.58, 53.88, 101.33, -213.23, 57.84, 25.79, -262.16, 36.99, 58.40, -241.54, 21.03, 77.58, -220.95, 13.13, 89.51, -213.29, 39.77, 18.28, -272.78, 11.87, 34.21, -243.82, -1.09, 43.73, -233.74, -18.20, 57.15, -222.45, 30.22, -0.39, -273.15,  6.87, 10.11, -261.19, -10.96, 17.31, -251.71, -22.15, 20.29, -244.79
100.15, -31.34, -265.33, 112.50, 19.73, -259.98, 105.36, 53.28, -257.84, 94.69, 74.86, -250.22, 71.58, 30.56, -269.73, 54.77, 76.44, -260.79, 46.38, 94.95, -256.10, 35.58, 113.38, -249.06, 51.14, 25.72, -261.81, 26.28, 60.72, -252.84,  9.01, 84.54, -239.38, -0.34, 97.35, -235.97, 34.06, 11.71, -264.63,  7.04, 34.67, -239.84, -6.37, 45.72, -232.20, -24.50, 60.17, -224.30, 28.83, -6.39, -255.40,  5.71,  5.40, -244.21, -11.74, 13.82, -235.05, -22.25, 18.17, -227.77
89.58, -30.78, -284.82, 108.34,  6.32, -252.24, 105.70, 34.71, -233.05, 96.82, 51.00, -215.93, 72.96, 29.40, -257.05, 62.19, 66.91, -226.33, 56.09, 81.84, -213.11, 47.21, 96.04, -198.09, 50.96, 26.11, -254.11, 31.06, 56.28, -229.27, 15.92, 73.12, -206.16,  8.36, 84.14, -196.95, 32.50, 19.91, -264.92,  6.14, 32.58, -233.05, -6.24, 40.95, -221.34, -22.65, 53.10, -207.81, 22.82,  1.42, -267.08,  0.92, 11.13, -252.09, -15.81, 17.70, -240.42, -26.30, 20.14, -232.27
92.93, -35.01, -273.78, 113.72, 10.97, -258.19, 117.07, 44.19, -250.06, 113.08, 66.33, -238.58, 70.52, 28.67, -263.29, 55.66, 72.29, -244.76, 47.97, 89.75, -236.33, 37.68, 106.77, -225.80, 49.23, 24.18, -257.75, 26.92, 58.29, -241.54, 10.81, 79.90, -223.65,  2.37, 92.43, -217.75, 31.17, 13.23, -264.78,  4.94, 32.00, -235.96, -7.81, 42.16, -226.24, -24.99, 56.14, -215.76, 23.69, -5.96, -260.73,  1.90,  6.11, -247.40, -14.71, 14.69, -236.91, -24.98, 18.85, -229.21
84.78, -16.11, -308.30, 32.34, -19.56, -303.11,  2.36, -8.39, -290.57, -1.92, 15.74, -284.49, 50.39, -3.57, -250.61, 10.53, 10.80, -224.70, -7.66, 20.54, -221.68, -23.63, 35.04, -228.09, 54.46, 18.42, -248.65, 28.05, 41.23, -222.08,  3.44, 62.18, -223.56, -5.08, 70.75, -234.39, 71.04, 33.28, -248.35, 47.67, 66.73, -233.98, 35.84, 81.56, -233.59, 21.40, 95.49, -247.65, 79.75, 45.18, -263.28, 72.92, 69.61, -250.83, 63.29, 88.72, -249.66, 56.09, 95.84, -258.59
96.96, -38.05, -277.04, 106.59, -12.51, -231.83, 101.71,  7.14, -204.06, 85.38, 13.04, -185.73, 71.28, 23.95, -264.24, 50.96, 47.68, -225.63, 44.04, 49.66, -206.06, 39.66, 37.85, -187.42, 49.99, 18.27, -259.95, 28.42, 38.76, -227.74, 22.90, 32.87, -196.41, 25.61, 20.90, -185.79, 32.77,  6.97, -268.40, 15.42, 18.34, -230.44, 10.98, 18.56, -211.99, 12.64,  9.21, -189.40, 25.98, -12.71, -265.73, 11.49,  0.83, -245.61,  5.72,  3.94, -225.20,  7.46, -1.77, -213.09
99.50, -38.37, -259.26, 90.86, -9.99, -215.57, 72.18,  9.55, -194.33, 48.01, 11.78, -187.39, 70.68, 23.15, -266.51, 40.21, 48.65, -236.71, 29.95, 49.26, -218.56, 25.66, 34.54, -202.11, 49.12, 16.99, -267.52, 20.55, 38.08, -241.78, 11.83, 30.95, -211.45, 14.95, 18.71, -201.28, 35.24,  3.26, -278.23, 10.56, 17.76, -245.80,  4.26, 17.90, -227.89,  4.48,  8.89, -205.11, 28.13, -16.00, -273.90, 11.26,  1.29, -259.24,  2.98,  7.24, -240.39,  3.07,  2.86, -227.63
95.20, -44.60, -267.39, 96.30, -9.39, -228.04, 81.64, 15.37, -209.26, 60.24, 24.05, -199.03, 74.07, 20.35, -265.96, 53.06, 46.04, -229.00, 47.52, 42.34, -209.24, 44.57, 25.69, -194.39, 51.90, 16.96, -265.10, 31.72, 37.19, -231.83, 30.49, 21.85, -203.37, 35.18,  6.88, -199.20, 35.35,  6.16, -275.38, 17.09, 13.33, -236.83, 13.87,  9.29, -218.56, 22.94, -9.61, -205.88, 26.26, -12.45, -272.00, 11.19,  0.07, -251.65,  7.03, -0.85, -230.64, 13.27, -11.58, -225.34
96.05, -44.88, -266.30, 95.85, -9.18, -227.38, 80.43, 15.60, -209.23, 58.68, 24.07, -199.59, 74.01, 19.79, -266.23, 51.91, 45.65, -230.04, 46.01, 42.13, -210.35, 43.00, 25.62, -195.36, 51.87, 16.10, -265.79, 30.76, 36.47, -233.19, 29.16, 21.49, -204.56, 33.97,  6.65, -200.10, 35.70,  4.93, -276.26, 16.58, 12.37, -238.18, 13.05,  8.53, -219.92, 22.10, -10.06, -206.78, 26.79, -13.76, -272.81, 11.16, -1.16, -252.93,  6.60, -1.84, -231.99, 12.85, -12.41, -226.40
93.37, -46.73, -266.67, 94.92, -11.63, -227.24, 80.78, 13.67, -208.77, 59.51, 23.16, -199.05, 74.82, 19.01, -265.42, 54.03, 45.43, -228.86, 47.91, 41.86, -209.25, 43.97, 25.30, -194.54, 52.51, 16.50, -265.08, 32.40, 37.41, -232.19, 29.94, 21.99, -203.85, 33.95,  6.83, -199.68, 35.79,  6.41, -275.77, 16.95, 14.09, -237.59, 13.18, 10.05, -219.43, 21.32, -9.32, -206.83, 25.88, -11.83, -272.68, 10.84,  1.17, -252.60,  6.21,  0.26, -231.69, 11.96, -10.76, -226.43
104.54, -33.50, -252.96, 94.11,  6.23, -219.77, 72.92, 29.25, -205.54, 49.08, 32.96, -198.09, 68.99, 22.89, -267.95, 38.72, 50.01, -239.39, 31.37, 50.49, -219.88, 30.49, 37.58, -201.48, 48.22, 14.45, -267.05, 20.27, 36.12, -241.10, 17.96, 29.37, -209.55, 24.77, 17.84, -200.39, 35.60, -2.10, -274.97, 12.11, 10.74, -240.99,  7.70, 11.14, -222.53, 16.60,  0.35, -202.41, 30.77, -21.12, -267.51, 11.79, -6.81, -252.23,  5.14, -2.32, -232.35, 11.06, -8.63, -221.98
97.42, -36.32, -258.70, 94.86, -6.06, -215.49, 79.77, 15.08, -192.99, 56.60, 18.55, -183.57, 70.15, 25.91, -265.82, 43.53, 55.13, -235.74, 34.42, 58.51, -217.28, 29.94, 46.37, -198.87, 48.40, 20.56, -264.31, 22.50, 44.88, -238.59, 14.57, 41.89, -207.36, 17.03, 31.11, -195.49, 33.00,  6.95, -272.88, 11.12, 25.07, -240.26,  5.69, 27.26, -222.20,  5.37, 21.78, -198.33, 25.73, -11.82, -266.94, 10.35,  6.91, -252.42,  3.07, 14.87, -233.89,  2.88, 12.63, -220.58
92.61, -34.02, -283.06, 115.81,  9.47, -264.11, 122.39, 41.53, -253.62, 121.20, 63.05, -240.47, 71.76, 29.18, -267.62, 57.36, 71.17, -245.34, 49.85, 87.91, -235.43, 39.74, 104.05, -223.45, 50.38, 24.79, -262.40, 28.83, 58.03, -243.56, 13.21, 78.52, -223.99,  5.05, 90.73, -217.11, 32.07, 14.94, -270.33,  6.49, 32.71, -240.31, -5.90, 42.64, -229.92, -22.58, 56.48, -218.49, 23.99, -4.09, -268.11,  2.66,  8.07, -254.13, -13.62, 16.69, -243.17, -23.76, 20.83, -235.28
99.43, -37.40, -285.41, 123.48,  6.48, -268.53, 131.28, 38.78, -259.74, 131.27, 61.03, -247.80, 77.43, 26.16, -273.41, 63.69, 69.35, -253.09, 56.44, 86.64, -243.96, 46.55, 103.47, -232.78, 55.97, 21.73, -268.52, 33.60, 55.48, -251.67, 17.28, 76.57, -233.34,  8.82, 88.96, -227.16, 37.97, 11.21, -276.33, 10.79, 29.12, -247.83, -2.27, 39.00, -238.24, -19.76, 52.65, -227.85, 30.20, -8.01, -273.08,  7.23,  2.90, -260.75, -10.26, 10.54, -251.00, -21.12, 14.11, -243.82
96.29, -38.35, -278.40, 124.40,  1.05, -257.26, 140.65, 29.54, -247.01, 148.60, 50.17, -234.80, 79.59, 27.87, -280.29, 60.03, 71.71, -267.54, 50.28, 89.24, -261.84, 37.53, 106.33, -254.65, 57.25, 26.03, -279.17, 35.56, 63.47, -271.97, 18.26, 88.10, -260.09, 10.04, 101.81, -257.35, 40.41, 16.40, -289.85, 14.48, 46.24, -272.28,  2.96, 60.66, -267.83, -12.00, 79.69, -264.09, 29.95,  0.06, -289.04, 11.10, 20.61, -284.44, -3.58, 35.67, -280.30, -13.34, 44.18, -276.50
96.26, -40.31, -278.27, 127.65, -0.42, -263.69, 143.66, 29.45, -258.01, 150.10, 52.17, -249.07, 83.46, 26.79, -279.63, 75.56, 74.22, -267.19, 70.56, 93.65, -261.52, 62.64, 113.39, -254.19, 61.09, 26.27, -277.97, 42.25, 65.11, -270.22, 27.04, 90.95, -258.07, 19.87, 105.22, -255.21, 42.98, 17.16, -287.20, 14.55, 42.93, -267.22,  1.75, 55.85, -261.79, -14.91, 73.13, -256.88, 31.75,  0.04, -282.60,  8.03, 14.49, -277.40, -10.17, 24.88, -272.92, -21.83, 30.37, -268.88
93.28, -40.23, -278.56, 128.29, -3.18, -264.76, 148.44, 24.15, -259.50, 159.24, 45.23, -250.73, 81.93, 27.09, -281.20, 76.66, 74.78, -268.37, 72.76, 94.40, -262.49, 66.00, 114.47, -254.89, 59.56, 27.09, -279.34, 41.60, 66.43, -272.04, 27.03, 92.71, -260.04, 20.17, 107.15, -257.28, 41.17, 18.20, -288.21, 12.91, 44.68, -268.94,  0.22, 57.84, -263.86, -16.31, 75.35, -259.31, 29.62,  1.42, -283.16,  5.11, 14.92, -279.24, -13.68, 24.58, -275.62, -25.69, 29.63, -272.10
98.70, -40.61, -279.64, 135.12, -4.26, -267.72, 157.23, 21.72, -263.58, 170.73, 41.45, -255.46, 84.54, 26.19, -281.95, 79.41, 73.58, -267.99, 75.60, 93.04, -261.55, 69.04, 112.88, -253.19, 62.32, 25.32, -278.93, 43.17, 63.91, -270.71, 28.18, 89.53, -257.84, 20.89, 103.68, -254.66, 43.87, 15.65, -286.81, 15.11, 40.81, -266.54,  1.97, 53.35, -261.02, -15.23, 70.00, -255.80, 33.28, -1.55, -281.11,  7.61,  9.53, -276.96, -11.98, 17.31, -273.09, -24.37, 21.19, -269.39
94.55, -40.34, -284.59, 131.40, -6.91, -266.89, 153.91, 17.75, -258.76, 167.28, 36.16, -247.80, 83.15, 26.87, -280.06, 79.03, 72.64, -261.22, 75.60, 91.43, -252.85, 69.34, 110.50, -242.69, 60.78, 26.66, -278.24, 42.75, 64.93, -266.67, 28.13, 89.64, -251.76, 21.24, 103.67, -247.37, 42.41, 18.75, -288.03, 13.66, 42.81, -266.44,  0.78, 55.25, -260.16, -15.99, 71.99, -253.92, 30.86,  1.52, -284.81,  5.55, 13.33, -280.57, -13.85, 21.61, -276.72, -26.22, 25.66, -273.16
99.95, -40.97, -280.50, 136.40, -4.68, -268.54, 158.72, 21.13, -264.39, 172.50, 40.66, -256.26, 85.28, 25.72, -282.75, 79.98, 73.03, -268.59, 76.11, 92.45, -262.06, 69.49, 112.23, -253.62, 63.06, 24.67, -279.72, 43.61, 63.10, -271.44, 28.44, 88.58, -258.52, 21.04, 102.66, -255.30, 44.69, 14.87, -287.60, 15.66, 39.75, -267.36,  2.41, 52.16, -261.84, -14.95, 68.64, -256.63, 34.23, -2.41, -281.91,  8.37,  8.25, -277.90, -11.37, 15.71, -274.12, -23.84, 19.38, -270.48
98.30, -39.58, -286.56, 135.01, -3.37, -275.14, 157.24, 22.52, -271.10, 171.38, 41.75, -262.85, 82.38, 26.80, -283.68, 77.42, 73.06, -266.31, 73.74, 91.98, -258.33, 67.46, 111.07, -248.23, 60.47, 25.10, -279.11, 41.05, 62.55, -267.11, 26.45, 86.89, -251.58, 19.08, 100.60, -246.99, 41.73, 15.40, -286.20, 13.86, 38.40, -262.43,  0.83, 50.18, -255.22, -16.37, 65.94, -247.77, 32.01, -2.41, -280.82,  6.31,  7.39, -274.33, -13.23, 14.15, -268.69, -25.47, 17.31, -263.95
99.35, -38.93, -286.26, 135.16, -1.92, -274.58, 156.78, 24.46, -270.38, 170.39, 44.02, -262.04, 82.01, 27.10, -283.69, 75.92, 73.29, -266.46, 71.77, 92.14, -258.57, 65.00, 111.12, -248.56, 60.10, 24.95, -279.32, 39.79, 62.01, -267.58, 24.54, 86.07, -252.24, 16.83, 99.63, -247.75, 41.63, 14.84, -286.56, 13.06, 37.30, -263.10, -0.27, 48.82, -256.04, -17.88, 64.23, -248.78, 32.24, -3.16, -281.23,  6.29,  6.11, -275.00, -13.45, 12.47, -269.56, -25.79, 15.38, -264.94
85.75, -42.21, -267.30, 118.06, -9.52, -241.28, 139.96, 13.56, -228.30, 151.55, 32.05, -215.59, 85.37, 24.92, -279.99, 82.23, 73.95, -272.69, 79.13, 94.38, -269.87, 72.81, 115.74, -266.72, 64.49, 27.01, -287.95, 50.25, 68.28, -292.15, 35.37, 96.89, -289.52, 29.83, 112.07, -291.03, 50.54, 18.60, -303.14, 20.11, 49.26, -300.74,  8.13, 63.81, -302.97, -6.59, 82.83, -307.66, 35.87,  3.62, -302.23, 13.33, 17.75, -311.77, -4.32, 27.96, -318.37, -16.23, 33.54, -321.40
