35.71, -71.86, -295.22, 50.52, -21.38, -290.54, 48.75, 12.86, -288.20, 42.22, 35.74, -279.77,  5.56, -10.63, -292.11, -13.03, 33.52, -278.98, -22.04, 51.16, -272.47, -33.24, 68.45, -263.42, -13.86, -16.61, -282.58, -38.66, 16.91, -268.98, -55.28, 39.34, -252.62, -64.63, 51.62, -247.62, -30.85, -30.85, -284.72, -55.47, -10.35, -255.65, -68.17, -0.20, -245.87, -85.68, 13.28, -235.28, -34.74, -49.71, -276.39, -56.11, -38.15, -261.95, -72.25, -29.89, -250.53, -81.89, -25.68, -242.07
43.79, -57.70, -311.24, -7.85, -66.29, -318.19, -41.51, -62.17, -312.63, -63.86, -50.74, -309.90, -16.37, -39.81, -284.25, -61.72, -21.66, -275.28, -80.01, -12.40, -271.45, -98.29,  0.22, -267.88, -11.39, -18.90, -277.77, -45.84,  5.35, -265.60, -69.89, 26.81, -262.73, -82.50, 35.96, -258.20,  3.47, -7.21, -266.00, -20.53, 28.78, -266.02, -31.71, 43.70, -262.48, -46.15, 62.36, -255.85, 20.94,  3.09, -271.37,  8.24, 27.45, -264.72, -0.94, 46.30, -260.28, -5.93, 58.77, -258.95
44.92, -61.57, -312.24, -6.12, -73.34, -319.02, -40.10, -72.04, -314.10, -63.42, -62.58, -311.98, -15.73, -45.05, -285.48, -61.57, -28.12, -276.59, -80.12, -19.36, -272.84, -98.76, -7.23, -269.41, -11.43, -23.85, -279.51, -46.63, -0.49, -267.72, -71.38, 20.19, -265.16, -84.27, 29.00, -260.76,  3.05, -11.40, -268.06, -22.10, 23.78, -268.83, -33.75, 38.42, -265.58, -48.77, 56.72, -259.29, 20.16, -0.65, -273.72,  6.60, 23.37, -267.58, -3.26, 41.96, -263.50, -8.71, 54.26, -262.37
30.27, -69.07, -319.64, -11.92, -41.28, -335.03, -11.56, -7.69, -327.79,  5.15, 10.78, -323.62, -14.59, -42.23, -275.66, -57.85, -18.48, -270.03, -75.08, -6.92, -272.09, -91.71,  7.49, -276.79, -8.30, -20.70, -276.71, -39.39,  8.17, -265.62, -62.46, 30.34, -270.44, -74.04, 41.61, -271.87,  9.52, -7.45, -275.00, -16.91, 26.73, -273.03, -28.20, 41.88, -271.17, -42.61, 61.60, -269.21, 22.81,  0.39, -289.40,  7.44, 14.60, -308.39, 10.66,  1.06, -324.68, 18.86, -9.66, -324.90
24.31, -76.05, -306.06, 42.14, -69.08, -256.84, 30.91, -59.07, -225.94,  6.36, -60.61, -220.25, 15.31, -17.89, -271.36,  9.31, -23.88, -222.42, 12.49, -43.73, -216.89, 15.29, -59.14, -233.04, -5.84, -20.98, -264.50, -19.81,  7.35, -234.07, -29.78, 22.30, -207.16, -35.13, 32.58, -195.81, -26.21, -25.96, -271.99, -51.02, -10.17, -240.27, -62.62, -1.04, -228.34, -78.07, 11.93, -214.44, -36.75, -44.04, -273.59, -61.10, -37.25, -260.97, -79.61, -33.00, -251.02, -90.88, -32.55, -243.61
48.09, -71.66, -278.01, 44.78, -19.91, -288.05, 27.52,  9.78, -289.22, 12.75, 28.82, -281.66,  3.17, -20.60, -284.65, -22.46, 21.71, -280.27, -33.91, 38.81, -276.89, -46.76, 56.12, -270.45, -11.41, -26.47, -268.63, -41.02,  4.30, -258.62, -59.06, 27.44, -244.99, -70.05, 38.71, -241.05, -23.75, -43.58, -261.49, -46.70, -19.35, -233.97, -59.49, -9.09, -224.40, -77.37,  3.59, -213.46, -20.38, -58.57, -247.20, -40.86, -47.99, -230.86, -55.92, -40.20, -217.74, -64.17, -35.65, -208.07
30.17, -78.44, -301.52, -10.77, -49.94, -318.86, -8.59, -15.74, -316.24,  9.89,  1.42, -314.95, -10.56, -43.02, -259.64, -51.81, -16.11, -253.27, -68.47, -3.62, -254.58, -84.63, 11.45, -258.80, -2.79, -22.34, -263.62, -30.94,  9.92, -254.10, -52.61, 33.47, -258.84, -63.39, 45.51, -260.26, 16.00, -10.40, -264.24, -6.89, 26.27, -265.94, -16.50, 42.63, -265.43, -28.71, 63.87, -265.05, 29.15, -5.43, -279.97, 13.63,  7.94, -299.44, 14.65, -7.12, -314.65, 22.07, -18.39, -314.22
48.59, -71.50, -285.57, 42.56, -19.10, -282.85, 21.53,  6.66, -274.17,  4.79, 19.16, -259.99,  3.76, -20.08, -281.69, -19.94, 21.73, -269.18, -30.54, 38.40, -262.50, -42.41, 54.82, -252.70, -10.18, -28.55, -266.27, -38.82,  0.45, -250.09, -55.88, 21.23, -232.09, -66.51, 31.81, -225.90, -22.32, -46.62, -261.59, -44.06, -27.40, -229.50, -56.41, -18.92, -217.85, -73.79, -8.30, -204.24, -18.47, -63.79, -250.17, -38.41, -57.06, -231.31, -53.02, -52.32, -216.36, -60.77, -49.93, -205.56
47.67, -70.05, -287.96, 39.76, -19.13, -276.38, 15.96,  1.23, -262.24, -2.11,  6.69, -245.47,  3.36, -18.90, -278.58, -18.49, 22.31, -261.51, -28.33, 38.61, -253.00, -39.42, 54.38, -241.40, -10.67, -28.83, -264.13, -38.65, -1.07, -244.91, -55.20, 18.08, -224.75, -65.58, 28.18, -217.43, -22.99, -47.17, -261.40, -44.63, -31.32, -227.45, -56.93, -24.04, -214.97, -74.23, -14.80, -200.29, -19.33, -65.49, -251.90, -39.39, -61.48, -232.41, -54.06, -58.88, -217.00, -61.72, -58.01, -205.91
28.60, -76.36, -300.53, -21.89, -70.19, -286.32, -45.56, -47.92, -275.14, -59.44, -26.89, -273.52, -15.74, -37.79, -265.68, -55.30, -11.20, -251.72, -71.25,  1.32, -246.85, -87.42, 16.67, -243.80, -8.84, -17.47, -272.24, -36.30, 15.11, -261.83, -57.80, 39.28, -261.42, -67.85, 51.48, -257.76,  9.35, -4.71, -273.71, -12.94, 31.39, -282.11, -21.86, 48.15, -282.30, -32.58, 70.12, -280.72, 23.05, -1.18, -289.18, 15.03, 25.84, -291.24,  9.08, 46.28, -293.72,  5.43, 58.78, -297.27
31.28, -62.99, -273.64, 32.50, -10.50, -279.36, 10.49, 15.90, -279.61, -9.15, 29.96, -272.26, -0.12, -6.02, -294.53, -15.37, 41.11, -298.23, -22.98, 60.52, -298.48, -32.72, 80.67, -296.19, -19.50, -8.25, -283.43, -44.15, 28.02, -283.21, -60.38, 55.01, -275.77, -69.59, 68.36, -275.35, -36.18, -22.57, -279.88, -61.54,  6.92, -260.95, -74.55, 19.74, -255.80, -92.29, 35.88, -250.78, -39.76, -36.80, -264.87, -62.62, -23.41, -255.05, -79.69, -13.52, -246.67, -89.48, -7.76, -239.38
31.20, -70.28, -257.66, 35.21, -20.54, -240.38, 28.95, 12.81, -234.93, 11.46, 30.26, -229.74,  7.59, -13.26, -286.97, -18.05, 28.99, -281.91, -30.15, 43.87, -273.74, -44.16, 51.97, -258.10, -14.38, -17.85, -286.72, -42.86, 15.50, -287.16, -62.08, 32.30, -267.28, -67.32, 32.39, -251.93, -29.16, -33.43, -292.62, -60.91, -6.79, -280.25, -74.06,  3.62, -271.36, -83.92,  9.11, -249.62, -37.87, -49.44, -282.22, -61.88, -34.63, -280.60, -78.00, -24.90, -270.35, -81.54, -24.03, -257.35
38.21, -80.49, -263.91, 42.31, -27.84, -264.16, 24.05,  1.11, -267.21,  5.10, 17.40, -263.58, 11.04, -21.24, -284.38, -5.03, 25.72, -286.19, -13.23, 44.89, -285.99, -24.13, 64.45, -283.75, -10.31, -24.77, -278.42, -35.48, 11.14, -279.54, -53.82, 36.94, -272.87, -63.30, 50.11, -272.96, -27.00, -39.35, -280.60, -56.71, -12.32, -264.54, -70.85, -0.18, -260.98, -89.64, 15.30, -258.23, -33.57, -55.33, -268.68, -58.10, -42.57, -262.86, -76.66, -33.27, -257.52, -87.93, -28.11, -252.17
34.02, -85.44, -272.90, 37.45, -38.75, -248.45, 23.69, -9.21, -237.52,  7.48,  6.64, -226.41, 12.40, -21.05, -280.26, -8.76, 19.74, -261.42, -17.56, 31.75, -246.81, -27.89, 38.81, -228.11, -9.34, -23.93, -275.47, -32.01,  8.49, -256.54, -41.80, 16.89, -226.87, -45.54, 18.10, -211.13, -27.08, -36.21, -280.99, -46.03, -15.99, -247.77, -53.15, -9.04, -231.61, -59.33, -4.52, -208.33, -35.30, -53.75, -272.93, -51.32, -38.53, -255.33, -60.38, -30.62, -237.58, -62.77, -30.24, -224.30
31.64, -81.61, -254.23, 34.90, -28.94, -256.31, 15.00, -2.06, -264.24, -5.22, 13.04, -264.98, 11.65, -23.32, -283.73, -1.29, 23.99, -291.59, -8.37, 43.44, -294.14, -18.44, 63.53, -295.20, -10.58, -25.63, -281.67, -33.39, 10.89, -290.04, -51.41, 37.73, -288.63, -60.08, 51.17, -291.34, -27.26, -39.77, -285.90, -57.95, -10.43, -277.62, -71.84,  2.50, -277.59, -89.98, 18.87, -279.38, -36.70, -54.50, -274.30, -61.44, -40.84, -274.08, -80.33, -30.79, -272.92, -92.17, -25.04, -269.92
 0.85, -60.05, -323.66, -37.92, -25.59, -313.74, -25.16,  2.98, -299.52, -1.22, 10.87, -300.97, -7.73, -49.77, -256.66, -34.43, -27.00, -221.51, -46.58, -14.27, -210.31, -58.71,  2.05, -200.69,  2.96, -30.14, -254.58, -9.21, -5.67, -220.28, -24.40, 18.38, -204.88, -31.51, 30.21, -196.33, 22.30, -20.08, -259.12, 10.78, 12.22, -232.75,  6.49, 26.11, -220.56,  0.77, 44.45, -205.35, 28.75, -8.26, -275.21, 12.14, 14.60, -275.78,  0.48, 13.71, -293.74,  2.08,  4.43, -303.42
 1.62, -65.83, -320.44, -41.08, -36.95, -308.95, -33.32, -5.70, -296.94, -11.40,  6.33, -300.40, -5.46, -51.99, -253.91, -32.77, -32.07, -217.52, -45.59, -21.04, -205.32, -59.10, -6.49, -194.73,  2.16, -30.88, -253.74, -11.61, -6.42, -220.05, -28.82, 15.83, -204.05, -36.83, 26.85, -195.25, 19.51, -18.40, -260.00,  4.70, 14.35, -235.93, -0.81, 28.54, -224.59, -7.98, 47.13, -210.34, 23.33, -6.96, -277.19,  3.25, 12.91, -277.69, -8.96,  8.89, -294.85, -6.15, -0.66, -303.97
 2.52, -66.21, -321.86, -39.64, -35.99, -311.95, -30.23, -5.39, -299.44, -7.71,  5.76, -301.89, -6.09, -53.31, -255.32, -34.64, -32.08, -220.66, -47.97, -20.34, -209.74, -61.76, -5.11, -200.56,  2.20, -32.47, -254.54, -12.21, -7.81, -221.25, -29.85, 15.05, -206.65, -38.14, 26.37, -198.50, 20.11, -20.45, -260.06,  5.29, 11.74, -235.25, -0.39, 25.71, -223.73, -7.94, 44.08, -209.38, 24.81, -8.85, -276.91,  5.46, 11.69, -278.36, -6.10,  8.03, -296.03, -3.37, -1.58, -305.11
 5.65, -65.10, -321.39, -34.01, -30.58, -316.42, -23.60, -0.82, -302.74, -0.31,  8.92, -302.09, -11.02, -49.98, -256.88, -41.89, -25.65, -226.52, -55.38, -12.59, -217.45, -68.74,  3.98, -210.15, -0.91, -30.02, -255.08, -17.31, -3.50, -224.24, -34.39, 21.15, -212.10, -42.54, 33.32, -205.12, 18.71, -19.91, -258.07,  3.96, 14.22, -235.95, -1.77, 28.95, -225.44, -9.23, 48.29, -212.38, 26.85, -9.17, -274.19,  9.85, 12.95, -278.69,  0.92,  9.36, -297.85,  4.22, -0.79, -306.11
36.29, -77.72, -259.50, 51.56, -28.70, -247.14, 32.92, -1.39, -237.74, 10.73,  3.13, -226.59,  7.24, -23.81, -289.80, -5.11, 23.36, -299.23, -11.02, 43.34, -300.14, -18.94, 64.34, -298.53, -12.42, -23.70, -278.96, -17.14, 16.33, -261.66,  0.11,  7.72, -235.68,  7.85, -4.86, -228.95, -29.66, -36.85, -274.17, -52.86, -0.37, -272.66, -63.57, 15.30, -272.80, -77.86, 35.19, -273.44, -34.80, -48.84, -258.63, -59.35, -34.91, -257.37, -75.57, -22.61, -250.66, -84.20, -14.97, -243.63
26.73, -83.51, -295.18, 34.95, -42.95, -262.36, 12.41, -20.71, -249.02, -8.66, -12.06, -238.12, 14.95, -18.94, -276.19, 12.87, 22.41, -248.76, 10.40, 39.19, -236.62,  5.40, 55.77, -222.27, -6.85, -20.57, -271.07, -21.99, 14.22, -249.07, -33.41, 35.10, -227.15, -39.21, 47.80, -218.88, -26.38, -27.39, -279.30, -49.89, -8.61, -248.22, -61.08,  2.09, -237.24, -76.00, 16.92, -224.68, -36.95, -45.45, -277.73, -59.11, -34.42, -264.09, -75.98, -26.88, -253.23, -86.35, -24.10, -245.04
25.16, -85.26, -295.91, 34.39, -45.21, -262.74, 11.91, -22.64, -249.86, -9.19, -13.55, -239.38, 16.36, -20.20, -277.01, 16.31, 21.18, -249.54, 14.67, 38.05, -237.39, 10.49, 54.85, -223.02, -5.50, -20.80, -271.95, -19.00, 14.69, -250.00, -29.44, 36.11, -228.11, -34.64, 49.08, -219.86, -25.31, -26.71, -280.23, -48.02, -6.82, -249.25, -58.73,  4.40, -238.31, -72.99, 19.92, -225.81, -36.72, -44.25, -278.67, -58.46, -32.27, -265.17, -75.05, -24.01, -254.41, -85.33, -20.80, -246.27
24.34, -85.09, -293.12, 31.07, -44.37, -260.17,  5.85, -23.53, -249.63, -16.69, -16.05, -241.07, 15.81, -19.40, -276.37, 16.45, 22.58, -249.84, 15.09, 39.76, -238.09, 11.19, 56.96, -224.13, -6.12, -19.68, -271.58, -19.35, 16.61, -250.79, -29.70, 38.78, -229.63, -34.81, 52.05, -221.81, -25.87, -25.69, -279.93, -48.91, -4.70, -249.93, -59.71,  6.92, -239.51, -74.05, 22.91, -227.73, -37.43, -43.10, -277.98, -59.56, -30.86, -265.36, -76.46, -22.39, -255.25, -86.93, -19.07, -247.40
29.11, -76.45, -306.58, -22.61, -67.06, -311.66, -54.18, -54.75, -305.92, -72.87, -38.13, -302.45, -18.24, -38.56, -275.11, -52.03, -4.77, -261.60, -64.87, 10.61, -255.82, -76.37, 29.09, -250.08, -5.21, -21.84, -267.74, -26.98, 12.79, -251.91, -40.66, 41.50, -245.97, -48.54, 54.36, -239.99, 13.41, -17.83, -256.20,  5.56, 24.57, -252.73,  1.30, 42.36, -247.67, -4.42, 64.54, -238.98, 33.35, -14.80, -261.98, 30.99, 11.96, -253.23, 29.71, 32.45, -247.06, 29.80, 45.71, -244.53
29.12, -77.87, -307.27, -22.95, -69.10, -308.33, -53.46, -56.00, -299.48, -71.27, -38.90, -294.21, -17.48, -41.86, -272.64, -51.92, -9.53, -257.29, -65.08,  5.30, -250.84, -77.06, 23.28, -244.55, -4.72, -24.52, -266.29, -26.77,  9.33, -249.23, -41.18, 37.55, -242.67, -49.16, 50.16, -236.31, 14.49, -19.62, -256.13,  5.04, 22.42, -252.29,  0.37, 40.05, -247.02, -5.68, 62.06, -238.11, 33.81, -15.76, -263.35, 31.15, 10.96, -254.57, 29.60, 31.46, -248.49, 29.42, 44.75, -246.14
41.89, -79.62, -274.33, 41.86, -26.85, -272.20, 31.89,  6.03, -271.18, 20.53, 27.11, -263.19,  5.26, -23.58, -287.95, -15.99, 18.81, -273.16, -25.72, 35.65, -265.65, -36.94, 52.08, -255.14, -12.61, -27.66, -274.99, -37.31,  6.13, -261.91, -53.06, 30.25, -247.18, -61.56, 42.39, -240.57, -27.97, -43.18, -270.60, -16.50, -35.22, -229.66, -2.05, -46.56, -234.44, 16.60, -61.46, -239.94, -29.05, -58.45, -256.25, -30.70, -43.00, -232.66, -11.78, -50.85, -226.35, -4.37, -60.53, -232.14
30.94, -79.99, -299.41, 42.28, -35.18, -273.85, 27.41, -10.22, -255.50,  6.91, -8.73, -240.84,  9.22, -19.70, -275.71,  5.68, 20.38, -246.59,  2.97, 36.30, -233.41, -1.54, 51.51, -217.45, -9.80, -26.31, -265.81, -26.68,  4.53, -239.60, -36.99, 22.74, -214.91, -43.37, 33.97, -205.09, -28.58, -37.66, -269.61, -48.19, -24.56, -233.35, -58.80, -16.66, -219.73, -73.58, -5.59, -203.63, -34.01, -57.67, -266.37, -54.80, -52.26, -248.01, -70.35, -48.93, -233.64, -79.18, -48.58, -223.44
22.39, -84.56, -301.70, -28.41, -71.85, -294.83, -53.89, -52.04, -283.02, -67.75, -31.44, -278.41, -17.68, -41.31, -267.18, -50.25, -6.37, -253.57, -62.71,  9.52, -248.37, -74.16, 28.45, -244.26, -4.47, -23.17, -267.35, -23.81, 14.00, -254.39, -37.48, 43.22, -251.98, -44.45, 57.12, -247.33, 16.18, -16.41, -262.48,  6.42, 25.59, -265.99,  2.34, 44.00, -263.81, -2.53, 67.54, -259.07, 33.60, -14.46, -274.01, 32.60, 13.62, -270.95, 32.17, 35.00, -269.53, 32.38, 48.47, -270.41
18.23, -73.04, -317.06, -27.74, -60.42, -294.32, -40.54, -39.15, -270.55, -24.35, -19.99, -267.67, -16.04, -47.09, -263.95, -54.50, -25.20, -241.40, -69.76, -14.45, -232.12, -84.79, -0.34, -223.09, -3.89, -28.54, -260.48, -24.95, -0.58, -234.05, -41.27, 24.01, -220.80, -48.92, 34.57, -211.15, 17.01, -21.54, -257.31,  6.24, 18.47, -244.90,  2.45, 34.83, -236.06, -1.68, 55.15, -223.01, 31.73, -14.31, -270.41, 35.84, 11.28, -259.13, 39.10, 31.03, -251.48, 41.09, 44.16, -249.03
15.37, -67.84, -321.07, -32.27, -63.39, -298.70, -53.41, -52.39, -273.94, -64.68, -36.70, -257.69, -15.69, -48.40, -263.40, -44.17, -26.35, -229.20, -55.04, -15.66, -214.98, -65.15, -1.69, -200.52, -2.66, -30.96, -257.94, -18.34, -5.42, -225.92, -30.89, 18.29, -207.82, -36.54, 27.95, -196.08, 18.62, -25.22, -254.77,  8.70, 12.84, -236.76,  5.36, 27.88, -225.68,  1.85, 46.28, -209.88, 33.10, -16.74, -267.38, 33.01,  6.82, -251.78, 33.07, 25.21, -240.76, 33.17, 37.63, -235.48
37.20, -69.08, -302.92, -14.41, -70.63, -314.03, -47.77, -63.27, -310.24, -69.64, -50.79, -308.43, -20.70, -46.84, -274.26, -64.64, -24.99, -266.59, -82.19, -14.28, -263.10, -99.38, -0.21, -259.52, -13.19, -27.71, -265.24, -44.53, -0.67, -250.73, -65.57, 23.41, -245.86, -76.99, 33.64, -240.54,  2.80, -19.58, -252.04, -15.58, 19.26, -247.03, -24.46, 35.07, -241.42, -36.03, 54.68, -232.38, 21.57, -11.09, -256.01, 15.18, 14.05, -244.78, 10.86, 33.53, -236.97,  9.06, 46.47, -233.54
18.57, -74.60, -315.52, -30.60, -66.63, -297.96, -53.62, -51.80, -277.19, -66.03, -33.64, -264.80, -16.57, -45.82, -264.48, -47.24, -18.23, -236.83, -59.01, -5.25, -225.52, -69.99, 11.00, -214.49, -3.88, -27.62, -261.13, -21.80,  2.85, -235.17, -35.55, 29.16, -222.30, -42.02, 40.62, -212.81, 17.14, -21.31, -257.37,  5.94, 19.09, -246.71,  1.80, 35.73, -238.57, -2.85, 56.44, -226.34, 32.61, -15.06, -269.99, 31.30, 10.72, -258.48, 30.51, 30.64, -250.61, 30.21, 43.75, -247.41
22.77, -81.85, -304.69, -28.75, -79.65, -293.28, -58.06, -68.47, -279.25, -77.49, -53.65, -272.88, -17.62, -43.76, -264.87, -52.89, -13.41, -247.50, -66.71,  0.71, -240.82, -80.02, 17.98, -235.25, -6.55, -24.27, -266.02, -28.31, 10.22, -249.89, -44.78, 37.63, -244.94, -52.67, 50.53, -239.06, 13.67, -15.34, -263.26, -0.28, 25.59, -264.43, -5.79, 43.48, -261.27, -12.23, 66.33, -255.20, 29.38, -11.32, -276.58, 27.50, 16.57, -272.41, 26.32, 37.84, -270.06, 25.83, 51.33, -270.37
13.19, -88.51, -298.39, -33.54, -78.26, -276.03, -58.56, -62.80, -258.25, -75.04, -45.08, -251.03, -14.63, -37.56, -262.37, -40.44,  1.46, -245.69, -50.32, 18.86, -239.82, -59.63, 38.96, -235.89, -2.73, -20.38, -270.56, -17.65, 19.30, -259.34, -30.39, 49.00, -257.76, -35.71, 63.76, -253.62, 18.18, -13.61, -274.16,  6.54, 27.14, -282.86,  2.84, 45.75, -283.31, -0.79, 69.94, -281.85, 30.81, -14.75, -290.88, 29.13, 13.38, -292.98, 28.00, 34.66, -295.26, 27.22, 47.79, -298.33
24.11, -74.76, -309.47, -27.51, -71.73, -298.72, -55.82, -59.81, -283.31, -73.36, -43.65, -275.01, -18.17, -42.64, -266.47, -53.60, -14.54, -245.94, -67.45, -1.31, -237.70, -80.73, 15.18, -230.09, -7.18, -23.18, -264.41, -29.73,  8.79, -244.60, -46.49, 35.31, -236.70, -54.68, 47.31, -229.47, 12.85, -14.74, -259.54, -1.79, 25.78, -255.64, -7.75, 42.99, -250.29, -14.87, 64.71, -241.46, 29.09, -8.90, -271.43, 25.44, 18.03, -263.65, 22.93, 38.70, -258.59, 21.69, 52.07, -257.14
25.95, -74.24, -307.87, -26.11, -70.02, -299.99, -54.80, -57.35, -285.94, -72.14, -40.64, -278.36, -18.48, -41.83, -267.33, -54.40, -13.22, -248.39, -68.40,  0.20, -240.73, -81.72, 16.88, -233.62, -7.31, -22.60, -264.31, -30.51,  9.56, -245.58, -47.27, 36.29, -238.40, -55.68, 48.35, -231.54, 12.50, -14.56, -258.07, -1.72, 26.16, -254.76, -7.75, 43.41, -249.65, -15.10, 65.16, -241.09, 29.59, -8.88, -268.85, 25.44, 18.00, -261.17, 22.61, 38.64, -256.14, 21.29, 52.00, -254.66
28.37, -74.82, -304.90, -24.22, -72.88, -300.47, -54.09, -60.67, -288.63, -72.47, -44.37, -282.81, -20.23, -43.64, -268.37, -59.05, -16.70, -253.10, -74.34, -3.92, -246.96, -89.12, 12.13, -241.47, -10.36, -23.69, -265.46, -36.46,  7.74, -249.52, -55.09, 33.73, -244.56, -64.58, 45.54, -238.77,  8.54, -14.29, -258.38, -8.07, 25.65, -257.49, -15.33, 42.70, -253.41, -24.37, 64.30, -246.21, 25.90, -8.00, -268.35, 20.14, 18.92, -261.94, 16.12, 39.58, -257.93, 14.13, 52.91, -257.10
21.75, -77.93, -305.72, -29.68, -65.97, -306.88, -59.25, -50.48, -298.72, -75.98, -32.04, -294.52, -21.86, -36.60, -273.21, -53.84, -1.06, -259.74, -65.89, 15.03, -254.18, -76.55, 34.16, -249.02, -7.89, -19.76, -268.21, -27.42, 16.58, -253.31, -39.85, 46.07, -248.56, -46.88, 59.59, -242.99, 11.74, -15.45, -258.62,  5.14, 27.29, -257.62,  1.71, 45.51, -253.54, -2.75, 68.43, -246.12, 31.17, -13.40, -266.29, 30.36, 13.99, -259.37, 30.24, 34.91, -254.71, 30.95, 48.31, -253.28
24.45, -77.84, -305.91, -27.63, -71.19, -300.24, -56.29, -56.78, -287.91, -73.25, -39.11, -281.78, -19.92, -41.83, -268.47, -55.28, -10.99, -252.16, -68.98,  3.31, -245.63, -81.85, 20.81, -239.77, -8.05, -22.95, -265.91, -30.57, 10.88, -249.42, -46.47, 38.52, -243.93, -54.62, 51.17, -237.87, 11.86, -15.45, -259.32, -0.71, 25.93, -258.32, -6.16, 43.63, -254.19, -12.86, 66.02, -246.82, 29.52, -10.97, -269.72, 26.38, 16.38, -263.34, 24.37, 37.33, -259.26, 23.63, 50.78, -258.39
18.87, -74.50, -313.66, -31.35, -68.29, -298.56, -57.27, -55.20, -280.18, -72.47, -38.10, -269.49, -17.92, -42.23, -265.99, -49.25, -12.96, -240.91, -61.29,  0.70, -230.74, -72.54, 17.60, -221.06, -5.39, -23.77, -263.59, -24.12,  8.34, -240.31, -38.29, 35.36, -229.53, -45.04, 47.37, -220.97, 15.49, -17.07, -259.70,  4.09, 24.05, -252.56, -0.25, 41.27, -245.87, -5.18, 62.82, -235.32, 31.29, -11.64, -272.40, 29.57, 14.93, -262.93, 28.50, 35.35, -256.53, 28.09, 48.65, -254.21
23.33, -75.15, -309.39, -28.33, -69.22, -300.20, -56.08, -55.61, -285.17, -72.44, -38.28, -276.83, -19.26, -42.26, -267.30, -53.85, -12.97, -246.99, -67.26,  0.71, -238.75, -79.90, 17.64, -231.01, -7.46, -23.44, -264.15, -29.32,  8.99, -244.29, -45.13, 36.04, -236.21, -53.04, 48.19, -228.93, 12.71, -16.12, -258.16, -0.26, 24.91, -253.78, -5.68, 42.23, -248.22, -12.23, 64.00, -239.08, 29.73, -10.73, -269.19, 26.43, 16.09, -260.93, 24.24, 36.70, -255.44, 23.30, 50.05, -253.69
25.45, -77.51, -306.22, -26.84, -77.28, -298.81, -57.67, -68.63, -286.34, -78.13, -55.18, -280.18, -18.42, -43.44, -266.44, -55.04, -14.76, -249.02, -69.38, -1.30, -242.10, -83.14, 15.40, -235.94, -7.45, -23.93, -264.79, -30.66,  8.92, -247.31, -47.63, 35.79, -241.22, -56.05, 48.10, -234.83, 12.39, -15.29, -259.53, -1.80, 25.54, -257.94, -7.71, 43.04, -253.56, -14.85, 65.20, -245.93, 29.11, -10.01, -271.05, 26.35, 17.33, -264.42, 24.54, 38.27, -260.21, 23.82, 51.71, -259.25
31.85, -75.46, -304.20, -20.89, -72.58, -304.07, -51.55, -60.79, -293.98, -70.04, -44.51, -288.46, -19.31, -45.77, -270.00, -58.53, -18.82, -255.76, -73.93, -6.06, -249.86, -88.67, 10.00, -244.29, -9.38, -26.36, -264.70, -36.27,  4.39, -248.74, -54.85, 30.32, -243.32, -64.62, 41.86, -237.44,  8.97, -18.00, -255.23, -7.01, 22.13, -252.94, -14.35, 39.01, -248.31, -23.68, 60.20, -240.30, 27.30, -11.46, -263.07, 20.91, 14.97, -255.37, 16.50, 35.30, -250.22, 14.42, 48.54, -248.58
28.39, -79.93, -303.11, -24.12, -79.28, -297.53, -54.77, -68.67, -286.17, -74.77, -54.07, -281.22, -17.78, -45.59, -266.28, -56.12, -17.60, -251.67, -71.23, -4.40, -245.96, -85.84, 12.01, -241.13, -7.47, -25.68, -265.14, -32.34,  7.08, -249.93, -50.39, 33.59, -245.63, -59.43, 45.87, -240.10, 11.92, -16.21, -259.62, -3.50, 24.20, -260.26, -10.07, 41.68, -256.84, -18.11, 63.91, -250.42, 28.85, -10.90, -270.82, 25.40, 16.64, -265.50, 23.11, 37.71, -262.28, 22.11, 51.17, -262.01
16.00, -73.13, -316.77, -32.64, -67.70, -296.93, -56.38, -55.70, -275.17, -70.00, -39.26, -261.70, -16.28, -45.36, -263.35, -45.23, -18.53, -233.20, -56.30, -5.86, -220.87, -66.59, 10.08, -208.77, -3.38, -27.24, -260.30, -19.80,  2.56, -232.63, -32.75, 28.46, -218.20, -38.65, 39.62, -208.01, 17.82, -21.01, -257.59,  7.57, 19.29, -245.70,  4.01, 35.82, -237.08,  0.25, 56.30, -224.17, 32.56, -14.48, -271.02, 32.11, 11.11, -259.02, 31.95, 30.85, -250.68, 31.96, 43.87, -247.13
30.13, -77.67, -304.53, -22.38, -73.63, -308.57, -54.86, -64.47, -302.09, -75.06, -49.83, -298.19, -20.22, -45.04, -271.85, -57.23, -15.07, -257.72, -71.55, -1.16, -251.71, -84.87, 15.97, -245.76, -8.86, -27.05, -264.69, -33.80,  5.09, -248.29, -50.28, 32.21, -241.99, -59.33, 44.18, -235.81,  9.49, -21.12, -253.56, -2.62, 20.23, -249.69, -8.59, 37.47, -244.44, -16.38, 58.92, -235.52, 28.87, -16.00, -259.78, 24.18, 10.37, -250.75, 21.11, 30.61, -244.41, 19.99, 43.81, -241.80
 9.23, -93.72, -292.19, -33.90, -79.02, -265.49, -56.34, -61.29, -246.44, -71.62, -42.58, -239.09, -11.67, -37.21, -259.97, -33.28,  5.08, -245.43, -41.50, 23.64, -240.68, -49.28, 44.62, -238.27, -0.19, -21.88, -271.68, -11.86, 19.67, -263.87, -22.99, 50.04, -264.49, -27.09, 65.47, -261.61, 20.36, -16.82, -278.61,  9.44, 23.15, -291.02,  6.49, 41.75, -293.42,  4.12, 66.11, -294.63, 30.73, -20.73, -296.43, 29.87,  7.00, -301.84, 29.30, 27.89, -306.59, 28.67, 40.59, -311.11
25.80, -77.03, -305.38, -26.49, -84.43, -304.83, -60.32, -86.63, -299.21, -85.24, -82.67, -298.36, -19.11, -39.43, -270.21, -57.19, -9.76, -258.48, -72.10,  4.09, -253.94, -86.35, 21.12, -250.31, -7.51, -20.26, -268.80, -30.46, 14.25, -254.45, -46.70, 41.99, -250.75, -55.01, 54.90, -245.53, 12.28, -12.10, -262.67,  0.93, 29.64, -263.39, -3.99, 47.65, -260.00, -9.99, 70.53, -253.61, 29.89, -8.01, -273.32, 31.43, 19.53, -267.18, 32.95, 40.57, -263.34, 34.39, 53.96, -262.47
18.95, -74.49, -314.66, -27.83, -61.13, -294.11, -41.86, -39.53, -271.37, -26.71, -19.73, -267.39, -16.86, -46.78, -263.50, -55.45, -23.59, -242.52, -70.73, -12.32, -233.91, -85.69,  2.30, -225.62, -4.57, -28.33, -260.02, -26.01,  0.61, -234.99, -42.33, 25.78, -222.87, -50.13, 36.69, -213.74, 16.31, -21.56, -256.23,  5.63, 18.88, -245.19,  1.74, 35.50, -236.89, -2.60, 56.18, -224.49, 31.61, -14.85, -268.94, 35.39, 10.96, -258.07, 38.45, 30.87, -250.73, 40.42, 44.03, -248.46
18.78, -73.44, -315.48, -27.28, -61.67, -292.48, -39.69, -40.08, -268.78, -22.04, -22.04, -268.09, -16.40, -48.55, -262.46, -56.32, -28.48, -240.78, -72.28, -18.45, -231.86, -88.17, -5.06, -223.23, -4.94, -29.55, -259.08, -27.31, -2.42, -232.87, -44.74, 21.50, -219.80, -52.90, 31.76, -210.23, 15.69, -21.78, -255.95,  3.59, 17.89, -243.66, -0.74, 34.15, -234.87, -5.53, 54.37, -221.89, 30.12, -14.06, -269.08, 33.89, 11.67, -258.02, 36.88, 31.53, -250.53, 38.66, 44.72, -248.26
23.91, -83.86, -300.73, -27.22, -71.28, -296.64, -52.23, -50.58, -285.36, -64.11, -28.81, -280.62, -20.05, -43.68, -267.24, -55.32, -10.94, -254.98, -68.94,  4.11, -250.21, -81.64, 22.28, -246.35, -7.60, -25.06, -265.81, -29.46, 10.67, -252.79, -44.58, 39.16, -250.23, -52.48, 52.54, -245.56, 12.39, -17.73, -259.30,  1.18, 23.98, -261.76, -3.78, 42.11, -259.13, -9.90, 65.22, -253.78, 30.43, -14.62, -269.57, 28.46, 13.27, -265.48, 27.36, 34.56, -263.25, 27.25, 48.05, -263.68
19.59, -76.10, -312.77, -30.97, -68.03, -299.79, -56.00, -52.74, -281.89, -69.03, -33.78, -271.47, -19.65, -44.56, -266.58, -52.85, -15.87, -243.31, -65.67, -2.44, -233.82, -77.71, 14.25, -224.72, -7.25, -26.16, -263.22, -27.31,  5.65, -240.63, -42.10, 32.57, -230.47, -49.35, 44.50, -222.21, 13.39, -19.55, -258.13,  1.69, 21.47, -250.92, -2.98, 38.59, -244.17, -8.45, 60.01, -233.63, 29.84, -13.93, -269.89, 28.04, 12.54, -260.18, 26.93, 32.93, -253.65, 26.58, 46.22, -251.31
12.57, -73.30, -318.65, -33.69, -56.06, -299.89, -46.85, -32.11, -279.04, -30.83, -12.79, -276.24, -22.09, -40.05, -270.06, -59.72, -13.49, -251.47, -74.52, -0.87, -243.96, -88.83, 15.05, -237.02, -8.85, -22.07, -267.80, -28.93,  9.72, -245.21, -43.99, 36.54, -235.18, -51.27, 48.50, -226.97, 12.32, -16.14, -264.29,  3.82, 25.52, -256.33,  0.79, 42.89, -249.30, -2.48, 64.63, -238.49, 28.05, -11.20, -277.27, 33.44, 15.05, -268.29, 37.72, 35.20, -262.40, 40.51, 48.35, -261.09
14.39, -71.90, -317.91, -34.68, -58.93, -303.30, -55.51, -39.66, -283.92, -59.07, -17.07, -273.21, -22.24, -39.26, -270.36, -56.01, -10.27, -248.32, -69.05,  3.29, -239.32, -81.28, 20.09, -230.69, -8.87, -21.56, -266.96, -27.67, 10.60, -243.83, -41.47, 37.90, -233.27, -48.25, 49.99, -224.85, 12.19, -16.09, -262.21,  3.21, 25.40, -253.90, -0.23, 42.63, -246.70, -4.12, 64.14, -235.64, 28.65, -11.10, -274.23, 30.59, 15.20, -264.08, 32.32, 35.45, -257.26, 33.70, 48.68, -254.96
31.07, -64.21, -302.08, 30.98, -11.40, -302.65, 20.37, 21.04, -298.62, 11.81, 42.11, -287.66, -11.24, -13.11, -285.73, -34.57, 25.26, -264.52, -44.70, 40.28, -254.20, -55.52, 54.63, -240.66, -22.24, -22.79, -268.73, -47.50,  4.32, -245.25, -61.23, 23.26, -222.91, -70.65, 33.12, -214.12, -33.76, -41.09, -263.49, -48.97, -23.57, -226.98, -58.83, -15.65, -212.82, -73.35, -5.63, -195.82, -28.67, -59.17, -254.72, -44.55, -51.00, -232.82, -56.13, -45.22, -215.74, -62.17, -42.24, -204.04
40.09, -72.90, -267.45, 43.81, -22.04, -281.21, 34.42,  9.44, -291.29, 22.54, 31.72, -291.72, -0.97, -22.38, -288.18, -28.85, 18.52, -292.33, -41.63, 34.98, -292.82, -56.71, 51.57, -290.83, -19.73, -28.25, -277.33, -51.43,  2.06, -277.54, -73.23, 25.00, -270.79, -85.09, 36.07, -270.78, -33.55, -45.41, -274.24, -63.94, -20.64, -255.97, -79.06, -10.21, -251.16, -99.50,  2.61, -246.87, -34.81, -60.31, -259.76, -59.03, -48.31, -251.54, -77.26, -39.45, -244.57, -88.17, -34.19, -238.60
44.66, -51.02, -303.39, 36.25,  0.90, -298.62, 27.76, 34.20, -297.96, 22.15, 57.05, -288.81, -13.54, -25.84, -277.97, -40.87, -7.03, -241.00, -51.68, -0.45, -224.43, -61.65,  4.71, -204.93, -16.50, -40.05, -260.85, -41.48, -26.19, -227.57, -54.96, -15.41, -200.21, -62.61, -10.29, -186.84, -17.47, -61.76, -255.99, 10.21, -50.49, -224.71, 22.48, -51.19, -239.18, 38.83, -52.34, -257.39, -3.09, -75.49, -249.27,  2.30, -64.89, -223.64, 22.40, -60.66, -229.76, 28.54, -64.02, -241.30
45.30, -50.55, -300.75, 35.43,  1.10, -295.78, 26.02, 34.14, -295.01, 19.70, 56.78, -285.78, -13.79, -27.12, -275.72, -41.95, -9.39, -238.85, -53.10, -3.24, -222.33, -63.37,  1.48, -202.88, -16.51, -41.51, -258.71, -42.13, -28.43, -225.61, -56.13, -18.12, -198.32, -64.03, -13.25, -185.01, -16.93, -63.27, -253.98, 10.15, -51.42, -222.39, 22.57, -51.69, -236.75, 39.10, -52.29, -254.82, -2.24, -76.63, -247.21,  2.63, -66.03, -221.47, 22.66, -61.22, -227.38, 28.99, -64.35, -238.89
44.07, -74.05, -260.41, 41.78, -22.61, -248.68, 32.71, 10.49, -246.79, 19.13, 31.24, -242.09,  0.72, -22.80, -273.14, -34.45, 12.23, -271.50, -50.41, 25.62, -270.55, -69.28, 37.70, -268.50, -18.40, -34.47, -274.57, -54.84, -10.07, -275.48, -82.76,  5.28, -269.82, -96.33, 14.15, -270.28, -27.54, -51.83, -285.04, -67.47, -40.68, -272.69, -85.40, -34.75, -270.78, -108.56, -26.76, -270.65, -29.69, -71.87, -280.35, -57.31, -66.09, -278.81, -78.33, -62.23, -277.21, -91.56, -60.78, -274.90
25.37, -73.09, -310.34, -26.45, -67.12, -302.12, -53.31, -54.33, -284.90, -68.31, -37.50, -273.55, -18.85, -49.41, -263.96, -55.46, -25.11, -240.80, -69.74, -13.47, -231.02, -83.31,  1.45, -221.07, -7.27, -31.62, -256.63, -30.22, -3.83, -231.64, -46.60, 21.11, -219.13, -54.92, 31.60, -209.97, 12.63, -25.69, -248.59, -0.40, 13.67, -236.24, -5.96, 29.51, -227.39, -12.76, 49.04, -214.26, 29.98, -18.19, -257.69, 27.74,  6.47, -244.07, 26.36, 25.62, -234.53, 25.99, 38.40, -230.21
32.41, -75.95, -304.24, -20.30, -73.08, -302.66, -50.47, -61.95, -290.53, -68.06, -45.63, -282.66, -18.34, -50.33, -266.34, -57.70, -25.41, -249.12, -73.18, -13.48, -241.84, -88.04,  1.76, -234.58, -8.46, -31.44, -259.32, -35.34, -2.67, -239.99, -54.03, 22.44, -231.80, -63.81, 33.25, -224.68,  9.99, -23.88, -249.39, -6.24, 15.67, -242.81, -13.61, 31.94, -236.37, -22.95, 52.15, -226.16, 28.12, -16.41, -256.87, 21.85,  9.10, -246.44, 17.51, 28.81, -239.24, 15.45, 41.82, -236.28
46.33, -51.47, -300.94, 37.00,  0.30, -296.21, 27.94, 33.44, -295.59, 21.86, 56.19, -286.47, -12.51, -27.30, -276.00, -40.47, -9.29, -239.11, -51.54, -3.03, -222.58, -61.74,  1.80, -203.12, -15.37, -41.58, -258.92, -40.79, -27.89, -225.91, -54.63, -17.17, -198.70, -62.45, -12.09, -185.42, -16.01, -63.31, -254.08, 11.20, -51.60, -222.56, 23.61, -52.07, -236.92, 40.13, -52.93, -255.00, -1.46, -76.80, -247.25,  3.53, -66.13, -221.57, 23.61, -61.56, -227.51, 29.90, -64.80, -239.01
19.33, -71.29, -310.72, -32.35, -61.83, -305.36, -58.69, -44.48, -291.70, -72.99, -25.01, -284.36, -26.08, -37.76, -272.23, -62.15, -8.11, -255.30, -76.15,  5.71, -248.38, -89.32, 22.77, -241.92, -14.32, -19.08, -268.16, -37.30, 13.77, -250.36, -53.32, 41.13, -243.91, -61.64, 53.47, -237.45,  5.39, -12.01, -260.58, -7.38, 29.19, -257.33, -13.02, 46.59, -252.24, -20.01, 68.50, -243.80, 23.31, -6.86, -270.21, 20.00, 20.08, -262.35, 17.87, 40.79, -257.24, 17.11, 54.19, -255.78
24.17, -76.84, -282.37, 24.05, -26.68, -265.84, -3.30, -6.35, -261.37, -27.93, -6.17, -255.80,  3.09, -12.00, -286.81, -2.80, 35.59, -273.90, -6.81, 55.09, -267.67, -13.32, 74.89, -259.21, -18.49, -14.80, -281.30, -38.17, 23.34, -272.26, -52.53, 48.92, -258.62, -59.99, 62.89, -255.10, -36.58, -26.69, -286.52, -64.02, -2.09, -263.87, -77.12,  9.95, -257.27, -94.58, 25.80, -250.61, -44.70, -44.40, -278.72, -69.46, -33.90, -270.06, -88.21, -26.55, -262.72, -99.48, -23.29, -256.04
28.46, -74.54, -288.18, 30.88, -24.15, -272.54,  6.84, -0.80, -264.95, -16.69,  1.73, -256.13,  4.07, -10.72, -288.98, -3.73, 36.23, -274.77, -8.43, 55.34, -267.88, -15.44, 74.57, -258.52, -16.70, -14.66, -281.44, -37.50, 22.13, -269.71, -51.88, 46.60, -254.18, -59.73, 60.06, -249.65, -34.65, -27.31, -285.16, -60.69, -4.42, -259.29, -73.57,  6.89, -251.12, -90.93, 21.80, -242.38, -41.13, -45.54, -277.03, -65.09, -35.83, -265.62, -83.14, -29.08, -256.22, -93.76, -26.17, -248.41
25.63, -70.82, -269.75, 27.21, -20.26, -254.58, 12.75, 10.72, -251.07, -4.27, 28.34, -244.97,  5.75, -9.18, -291.48, -16.57, 34.42, -283.22, -26.66, 49.08, -272.36, -38.82, 59.85, -256.79, -16.40, -11.23, -288.51, -40.46, 24.12, -278.77, -53.32, 38.36, -252.72, -58.85, 42.93, -238.16, -33.65, -24.46, -293.37, -55.64,  1.63, -266.77, -64.30, 11.51, -253.07, -72.78, 20.38, -231.87, -42.88, -40.19, -282.99, -60.52, -21.99, -270.51, -71.42, -10.80, -255.83, -75.40, -7.69, -243.31
38.77, -66.16, -309.64, 33.53, -18.95, -286.56, 12.84, -5.19, -262.82, -0.43, -2.93, -241.46, -1.75, -18.53, -282.13, -18.77, 18.85, -254.19, -26.23, 33.32, -241.17, -34.15, 46.77, -224.97, -11.86, -30.97, -266.42, -34.18, -7.28, -237.02, -45.23,  8.12, -210.80, -53.47, 16.68, -199.75, -23.21, -49.91, -263.62, -35.92, -40.03, -223.47, -44.81, -35.11, -207.44, -58.00, -28.74, -187.80, -17.44, -69.31, -258.22, -32.10, -68.88, -234.07, -42.55, -69.07, -215.35, -47.24, -70.11, -202.74
43.14, -76.76, -277.41, 30.32, -26.44, -267.76, -0.93, -17.20, -256.85, -22.49, -17.47, -243.71,  2.76, -22.30, -285.85, -15.36, 23.63, -280.48, -23.99, 42.27, -276.88, -34.43, 61.14, -270.46, -14.60, -28.62, -273.09, -42.21,  4.44, -264.81, -59.77, 28.31, -251.84, -70.06, 40.41, -248.52, -28.85, -45.42, -269.86, -55.23, -22.86, -244.04, -69.07, -12.92, -235.67, -88.02, -0.41, -226.47, -28.72, -61.88, -256.84, -51.99, -55.02, -242.37, -69.23, -50.17, -230.58, -78.62, -47.75, -221.19
42.93, -75.66, -278.59, 39.57, -22.96, -278.14, 18.86,  3.86, -272.39,  1.98, 18.75, -260.95,  1.09, -21.75, -281.90, -21.64, 21.70, -274.02, -32.03, 39.16, -269.33, -44.04, 56.58, -261.68, -14.92, -28.69, -267.79, -43.43,  2.59, -256.25, -61.18, 25.14, -241.32, -71.81, 36.57, -236.90, -28.56, -45.81, -263.71, -52.42, -23.89, -235.06, -65.42, -14.19, -225.20, -83.53, -1.97, -214.11, -26.98, -62.59, -251.20, -48.36, -53.77, -234.97, -64.20, -47.45, -221.98, -72.92, -44.07, -212.24
44.06, -70.84, -291.70, 46.19, -35.35, -252.65, 26.99, -30.06, -224.65, 13.84, -34.94, -203.65, -2.40, -23.24, -276.11, -28.20, 12.03, -252.49, -38.76, 25.61, -240.71, -49.85, 38.22, -225.74, -13.16, -33.92, -259.57, -42.63, -11.58, -235.98, -55.57,  3.58, -210.50, -64.20, 11.54, -199.30, -23.34, -53.13, -254.74,  4.39, -47.53, -222.02, 18.87, -54.50, -232.12, 37.85, -63.76, -244.54, -16.70, -70.87, -245.70, -3.62, -61.78, -222.37, 16.93, -65.46, -227.21, 29.33, -68.88, -231.33
38.68, -60.93, -307.53, 30.77, -24.87, -269.76, 10.21, -29.90, -242.69, -0.68, -41.36, -223.00, -2.50, -23.35, -268.03, -17.29,  8.22, -232.65, -23.59, 20.06, -216.68, -29.87, 30.38, -197.70, -9.71, -39.34, -254.03, -30.03, -22.94, -218.79, -38.89, -13.15, -189.25, -46.32, -7.31, -176.06, -18.99, -59.58, -253.73, -28.09, -58.74, -211.45, -35.58, -57.86, -194.03, -47.04, -56.71, -172.40, -10.92, -78.92, -252.54, -22.81, -85.96, -227.89, -31.03, -91.80, -208.97, -33.89, -96.35, -196.59
48.10, -70.88, -259.78, 31.64, -20.94, -254.78,  2.77, -2.67, -258.46, -16.28, -19.19, -257.10,  4.83, -20.77, -276.66, -19.28, 22.06, -269.54, -30.80, 39.07, -265.94, -45.12, 55.57, -260.55, -14.58, -31.86, -274.59, -48.51, -4.07, -274.04, -73.87, 14.53, -266.45, -86.57, 24.62, -266.08, -25.02, -50.40, -281.14, -64.20, -38.34, -267.31, -82.11, -32.55, -264.86, -105.42, -25.11, -263.66, -27.03, -69.41, -272.48, -55.17, -70.88, -270.30, -76.39, -72.49, -267.80, -89.19, -74.39, -263.95
45.61, -74.88, -275.44, 31.68, -24.95, -265.32,  1.01, -14.39, -253.98, -20.28, -13.83, -240.41,  2.03, -22.56, -281.01, -19.26, 21.70, -273.63, -29.15, 39.52, -269.20, -40.80, 57.33, -261.89, -14.64, -30.31, -268.12, -44.11,  0.56, -258.02, -62.87, 22.75, -243.79, -73.84, 34.03, -239.81, -27.84, -48.00, -265.20, -54.74, -27.78, -238.01, -68.87, -18.89, -228.99, -88.23, -7.75, -218.92, -26.47, -64.88, -252.80, -49.68, -59.43, -237.63, -66.83, -55.66, -225.34, -76.14, -53.90, -215.72
18.85, -77.18, -310.13, -26.58, -50.50, -313.80, -25.23, -16.20, -312.12, -10.23,  3.59, -316.67, -11.60, -43.04, -259.39, -52.04, -18.58, -244.08, -69.55, -7.42, -242.21, -87.46,  6.14, -243.42, -6.83, -22.04, -265.74, -34.10,  8.50, -250.03, -58.34, 29.93, -250.37, -70.20, 40.98, -249.63, 10.10, -8.85, -271.74, -15.53, 25.70, -267.18, -26.12, 41.18, -264.26, -39.76, 61.26, -260.95, 17.99, -3.63, -290.64, -3.09,  6.79, -306.30, -3.28, -10.08, -319.51,  5.31, -20.49, -319.85
25.15, -72.41, -307.34, -26.49, -61.36, -308.02, -56.93, -47.54, -300.02, -75.56, -30.94, -296.22, -21.48, -37.11, -272.01, -52.08, -1.06, -256.84, -63.55, 15.22, -250.64, -73.58, 34.52, -244.89, -9.16, -19.12, -266.67, -31.56, 14.63, -249.87, -46.50, 42.70, -243.89, -54.59, 55.34, -237.72,  9.86, -13.74, -256.64, -5.82, 26.23, -251.39, -12.97, 42.85, -245.65, -22.05, 63.61, -236.32, 28.58, -10.24, -261.76, 19.66, 14.74, -252.02, 13.37, 34.10, -245.30, 10.20, 46.91, -242.46
34.84, -73.02, -280.87, 35.66, -20.22, -280.96, 14.82,  6.27, -274.24, -2.88, 19.10, -261.61,  0.34, -14.48, -287.98, -15.04, 32.46, -282.78, -22.45, 51.61, -279.17, -31.45, 71.16, -272.62, -16.49, -18.40, -273.65, -40.39, 17.14, -264.19, -54.73, 42.75, -250.59, -63.64, 55.78, -246.83, -32.24, -33.34, -268.70, -53.27, -6.81, -241.77, -64.99,  5.06, -232.71, -81.37, 20.15, -222.51, -32.92, -49.36, -255.19, -53.36, -37.62, -239.61, -68.43, -29.08, -226.99, -76.65, -24.39, -217.36
38.83, -70.82, -300.60, 34.98, -20.51, -285.00, 17.49,  4.17, -268.68,  2.77, 11.61, -249.56, -0.34, -20.12, -276.87, -19.92, 14.91, -247.60, -28.57, 28.30, -234.16, -37.96, 40.41, -217.68, -12.62, -31.64, -262.02, -36.11, -6.65, -234.69, -48.59,  9.41, -209.53, -57.29, 18.46, -199.24, -25.86, -49.40, -260.65, -41.85, -34.72, -223.23, -51.81, -27.55, -208.76, -66.28, -18.21, -191.33, -23.68, -68.77, -255.86, -40.48, -61.66, -234.29, -52.73, -56.81, -217.37, -59.16, -54.77, -205.68
24.36, -83.27, -298.99, -27.26, -73.06, -294.47, -54.42, -55.05, -283.53, -69.55, -35.33, -279.09, -19.28, -42.63, -265.63, -53.75, -9.29, -252.71, -67.03,  5.99, -247.70, -79.35, 24.37, -243.64, -6.83, -23.99, -264.58, -28.35, 11.98, -251.67, -43.32, 40.55, -249.15, -51.10, 54.01, -244.49, 13.23, -16.56, -258.38,  1.92, 25.09, -261.34, -3.04, 43.25, -258.92, -9.15, 66.42, -253.81, 31.17, -13.60, -268.86, 28.60, 14.30, -265.15, 27.02, 35.58, -263.18, 26.60, 49.07, -263.67
 9.62, -73.04, -317.47, -38.37, -59.70, -299.91, -64.95, -46.57, -282.52, -80.72, -29.48, -272.69, -12.79, -48.56, -257.75, -41.53, -21.40, -227.70, -52.77, -8.44, -215.83, -63.59,  7.79, -204.63, -0.87, -29.56, -256.89, -5.16,  4.12, -229.13, -10.77, 32.59, -214.80, -12.94, 46.30, -206.40, 19.94, -21.77, -258.42,  0.40,  5.49, -285.74,  1.78, -8.79, -298.17,  3.65, -26.75, -314.73, 31.06, -13.94, -274.40, 15.57,  8.65, -281.36, 10.23,  0.56, -300.47, 12.92, -9.83, -308.67
 9.68, -65.84, -319.96, -27.10, -28.12, -316.24, -16.11,  0.01, -299.85,  6.88,  9.65, -295.77, -14.38, -51.12, -257.73, -47.14, -24.70, -231.36, -60.69, -10.61, -224.09, -73.56,  6.97, -218.50, -3.10, -32.11, -253.86, -21.66, -5.03, -224.78, -38.45, 20.73, -214.72, -46.59, 33.43, -208.74, 17.46, -23.52, -253.85,  2.22, 10.94, -232.61, -3.90, 25.78, -222.48, -11.77, 45.27, -209.90, 28.47, -13.03, -268.40, 13.75, 10.17, -275.02,  7.99,  6.11, -295.26, 12.01, -4.43, -302.68
10.61, -54.16, -322.84, -38.50, -45.97, -305.23, -65.95, -38.71, -285.87, -80.35, -24.69, -270.59, -15.19, -54.88, -259.58, -40.38, -28.98, -225.50, -50.49, -13.63, -215.65, -57.68,  7.50, -212.79, -3.18, -38.21, -250.55, -20.24, -14.81, -217.61, -35.02, 13.43, -212.03, -39.69, 27.50, -218.61, 17.75, -31.14, -247.72, -0.09,  2.13, -226.60, -8.29, 17.84, -219.82, -19.03, 39.40, -224.32, 29.89, -17.94, -258.62, 22.79,  1.96, -239.86, 14.66, 20.69, -233.34,  9.55, 31.74, -239.17
17.79, -83.60, -303.54, -33.04, -70.71, -309.78, -48.60, -40.15, -307.42, -42.49, -15.82, -310.21, -14.77, -47.30, -255.69, -48.61, -18.76, -233.18, -62.73, -5.02, -226.34, -76.80, 11.72, -221.04, -5.98, -27.08, -259.84, -39.62,  0.27, -266.47, -41.16, -8.33, -297.62, -34.01, -17.72, -308.75, 13.59, -16.73, -261.76, -7.60, 18.70, -248.82, -16.31, 34.25, -242.30, -27.04, 54.40, -233.39, 25.99, -12.03, -277.10, 24.28, 14.43, -267.32, 20.08, 35.38, -265.63, 16.71, 48.28, -267.69
41.36, -54.42, -302.93, 23.36, -8.75, -283.45,  6.01, 16.75, -268.30, -4.26, 30.86, -250.06, -13.26, -26.37, -272.97, -34.94, -1.80, -235.65, -43.43,  7.22, -218.87, -50.95, 14.98, -199.14, -15.51, -40.41, -255.60, -37.71, -29.62, -219.35, -48.92, -21.30, -190.16, -55.46, -17.38, -175.84, -17.15, -62.04, -250.57, 13.51, -52.13, -221.71, 24.52, -53.45, -237.12, 39.24, -55.42, -256.60, -2.96, -76.46, -244.99,  5.02, -66.12, -219.93, 24.74, -62.90, -227.68, 29.73, -66.57, -239.68
29.55, -82.13, -272.09, 12.21, -46.82, -236.85, -21.11, -39.18, -233.31, -45.44, -45.86, -234.02,  5.63, -18.42, -278.14, -7.22, 23.62, -255.02, -13.42, 38.45, -241.73, -21.89, 51.70, -225.64, -15.99, -22.17, -273.43, -37.67, 12.93, -258.56, -51.68, 32.36, -236.81, -59.06, 42.64, -226.66, -33.31, -35.03, -279.05, -59.55, -8.62, -257.02, -71.52,  3.27, -248.33, -87.14, 18.38, -237.02, -40.73, -53.14, -270.87, -44.10, -49.39, -243.06, -27.34, -62.56, -240.81, -20.66, -69.69, -250.12
22.63, -76.36, -277.94, 22.18, -27.36, -258.23, -6.27, -8.90, -252.66, -30.40, -5.68, -245.98,  2.69, -11.03, -279.53, -3.17, 36.17, -265.24, -7.16, 55.47, -258.43, -13.63, 75.02, -249.35, -18.83, -13.65, -273.72, -37.93, 24.35, -262.98, -51.78, 49.57, -248.18, -59.02, 63.48, -244.03, -37.23, -25.00, -279.06, -63.66, -0.70, -254.93, -76.36, 11.36, -247.61, -93.32, 27.31, -240.00, -45.54, -42.85, -271.80, -69.67, -31.82, -262.08, -87.94, -24.09, -253.96, -98.91, -20.68, -246.86
17.46, -71.85, -306.34, -34.16, -61.87, -301.32, -62.22, -46.00, -289.41, -78.22, -27.40, -283.44, -24.83, -32.76, -269.58, -57.90,  0.65, -253.53, -70.53, 15.94, -247.09, -82.08, 34.36, -241.29, -11.68, -14.79, -266.76, -31.90, 20.59, -250.56, -45.81, 49.32, -245.27, -53.10, 62.53, -239.32,  8.60, -8.76, -259.81, -1.02, 33.40, -258.96, -5.28, 51.45, -254.90, -10.50, 74.25, -247.61, 26.73, -5.56, -269.90, 25.10, 21.94, -263.58, 24.26, 42.97, -259.54, 24.31, 56.44, -258.65
25.88, -78.55, -297.53, 37.03, -35.09, -269.67, 20.65, -11.41, -250.90,  1.75, -5.71, -235.16,  5.81, -17.62, -274.03,  1.15, 22.54, -245.18, -2.08, 38.51, -232.17, -7.24, 53.78, -216.47, -13.66, -23.58, -264.59, -30.64,  7.48, -238.70, -41.27, 25.73, -214.19, -47.69, 37.03, -204.47, -32.75, -34.23, -268.87, -52.34, -20.41, -232.86, -62.82, -12.12, -219.38, -77.37, -0.52, -203.45, -38.96, -54.05, -265.84, -59.41, -47.38, -247.51, -74.72, -43.13, -233.13, -83.51, -42.26, -222.92
18.13, -84.18, -300.83, -32.09, -71.86, -290.08, -57.10, -52.19, -277.08, -71.09, -31.72, -272.29, -19.30, -39.32, -265.40, -50.70, -3.73, -250.75, -62.72, 12.41, -245.29, -73.85, 31.52, -241.15, -6.34, -21.13, -267.71, -24.89, 16.56, -255.10, -38.61, 45.78, -253.00, -45.30, 59.86, -248.47, 14.58, -13.99, -265.01,  4.05, 27.67, -269.98, -0.06, 46.15, -268.48, -4.78, 69.87, -264.59, 30.93, -12.57, -278.09, 29.60, 15.61, -276.49, 28.85, 37.03, -276.16, 28.71, 50.43, -277.74
18.77, -84.96, -301.96, -31.33, -73.52, -289.79, -56.10, -53.96, -276.18, -70.11, -33.57, -271.14, -18.71, -40.91, -265.60, -50.66, -6.13, -250.21, -62.97,  9.69, -244.48, -74.52, 28.51, -240.11, -6.33, -22.40, -268.41, -25.50, 14.85, -255.42, -39.94, 43.71, -253.05, -46.87, 57.62, -248.40, 14.46, -14.68, -266.41,  2.67, 26.66, -271.26, -1.87, 45.02, -269.72, -7.10, 68.63, -265.81, 30.35, -12.91, -280.00, 28.40, 15.24, -278.52, 27.15, 36.64, -278.30, 26.62, 50.02, -279.96
22.16, -80.59, -305.66, -29.39, -70.16, -300.83, -56.93, -53.44, -288.86, -72.34, -34.34, -282.93, -20.68, -41.72, -269.30, -54.17, -8.55, -253.64, -66.99,  6.66, -247.37, -78.75, 24.99, -241.73, -7.69, -23.63, -266.48, -28.32, 11.66, -250.59, -42.49, 40.31, -245.57, -49.93, 53.50, -239.75, 12.50, -17.39, -259.44,  2.47, 24.68, -258.84, -1.99, 42.70, -254.88, -7.47, 65.49, -247.75, 30.65, -14.07, -269.44, 28.73, 13.44, -263.29, 27.67, 34.50, -259.41, 27.59, 47.97, -258.63
21.51, -84.30, -301.64, -29.50, -73.42, -293.35, -54.96, -53.84, -281.12, -69.03, -33.37, -276.59, -19.79, -42.42, -266.89, -53.80, -8.96, -253.07, -66.95,  6.37, -247.86, -79.29, 24.74, -243.84, -7.63, -23.58, -267.96, -28.60, 12.80, -255.32, -43.80, 41.29, -253.23, -51.39, 54.90, -248.73, 12.75, -15.56, -263.95,  0.50, 25.70, -268.20, -4.55, 43.91, -266.36, -10.61, 67.25, -262.07, 29.66, -12.97, -276.10, 27.08, 15.08, -273.77, 25.42, 36.43, -272.93, 24.79, 49.86, -274.20
22.54, -85.42, -300.31, -28.49, -72.93, -294.97, -53.14, -51.56, -284.15, -66.04, -30.17, -280.51, -20.43, -43.43, -267.77, -55.29, -10.07, -256.01, -68.77,  5.22, -251.60, -81.40, 23.56, -248.35, -8.19, -24.62, -268.21, -29.80, 11.78, -256.74, -45.08, 40.27, -255.50, -52.90, 53.89, -251.42, 11.98, -16.64, -263.15,  0.04, 24.65, -268.05, -5.07, 42.86, -266.48, -11.30, 66.22, -262.53, 29.50, -14.08, -274.41, 27.14, 13.99, -272.23, 25.69, 35.37, -271.49, 25.28, 48.79, -272.87
20.08, -85.48, -301.63, -30.67, -73.70, -292.96, -55.69, -53.62, -280.64, -69.38, -32.89, -276.12, -20.20, -42.68, -266.80, -53.51, -8.56, -252.91, -66.35,  7.02, -247.68, -78.35, 25.63, -243.67, -7.73, -24.06, -268.10, -27.97, 12.76, -255.52, -42.66, 41.52, -253.51, -49.98, 55.29, -249.03, 12.82, -16.36, -264.32,  1.22, 25.08, -268.74, -3.52, 43.37, -266.98, -9.15, 66.85, -262.80, 29.66, -14.13, -276.63, 27.56, 13.97, -274.47, 26.26, 35.35, -273.76, 25.84, 48.78, -275.12
21.19, -85.67, -301.55, -29.82, -74.49, -293.61, -55.31, -54.86, -281.55, -69.36, -34.36, -277.09, -20.02, -43.47, -267.07, -53.82, -9.72, -253.45, -66.87,  5.71, -248.31, -79.08, 24.19, -244.36, -7.69, -24.74, -268.03, -28.44, 11.81, -255.51, -43.41, 40.43, -253.50, -50.91, 54.10, -249.04, 12.73, -16.90, -263.86,  0.85, 24.48, -268.17, -4.07, 42.72, -266.35, -9.97, 66.11, -262.08, 29.75, -14.43, -275.89, 27.36, 13.63, -273.54, 25.85, 35.00, -272.69, 25.33, 48.43, -273.95
19.34, -85.09, -301.64, -31.04, -72.30, -292.27, -55.33, -51.55, -279.61, -68.41, -30.47, -274.92, -19.79, -41.71, -266.21, -52.45, -7.15, -251.87, -65.00,  8.60, -246.47, -76.69, 27.37, -242.30, -7.07, -23.28, -267.69, -26.60, 13.81, -254.81, -40.86, 42.77, -252.56, -47.91, 56.64, -247.98, 13.65, -15.89, -264.20,  2.61, 25.72, -268.44, -1.82, 44.09, -266.60, -7.03, 67.64, -262.32, 30.34, -13.90, -276.76, 28.75, 14.23, -274.56, 27.82, 35.63, -273.82, 27.60, 49.06, -275.18
15.46, -77.52, -310.85, -31.70, -60.40, -294.34, -46.51, -35.53, -275.82, -32.37, -14.72, -273.75, -20.85, -40.99, -265.96, -58.93, -13.47, -249.86, -73.94, -0.46, -243.51, -88.50, 15.79, -238.00, -8.10, -22.53, -265.12, -29.16, 10.68, -245.69, -44.92, 37.94, -238.26, -52.55, 50.41, -231.23, 12.86, -15.78, -261.82,  3.08, 26.17, -257.79, -0.55, 44.00, -252.40, -4.61, 66.52, -243.64, 28.69, -11.61, -274.96, 32.72, 15.55, -268.24, 35.99, 36.32, -264.08, 38.19, 49.63, -263.84
23.89, -69.41, -313.65, -27.50, -69.59, -301.49, -54.93, -58.95, -283.73, -71.79, -43.37, -273.22, -20.28, -45.61, -267.28, -57.50, -22.83, -243.57, -72.22, -11.73, -233.83, -86.65,  2.73, -224.38, -10.86, -25.65, -263.19, -35.65,  2.17, -240.05, -54.38, 26.32, -229.44, -63.42, 36.83, -221.00,  8.47, -16.15, -257.55, -9.45, 22.36, -249.40, -16.76, 38.36, -242.26, -25.59, 58.39, -231.26, 24.03, -7.76, -268.86, 17.93, 17.79, -258.44, 13.53, 37.55, -251.41, 11.04, 50.54, -248.70
27.70, -73.16, -305.95, -25.01, -71.33, -303.14, -55.47, -59.80, -292.18, -74.17, -43.76, -286.66, -21.38, -42.04, -270.03, -60.43, -15.05, -255.43, -75.80, -2.25, -249.52, -90.61, 13.83, -244.19, -11.33, -22.28, -266.48, -37.52,  9.08, -250.53, -56.03, 35.11, -245.41, -65.55, 46.88, -239.56,  7.51, -13.27, -258.75, -8.46, 26.91, -257.42, -15.54, 43.99, -253.16, -24.41, 65.57, -245.65, 25.20, -7.03, -268.16, 20.03, 19.87, -261.23, 16.49, 40.53, -256.73, 14.85, 53.88, -255.59
 7.38, -74.04, -308.80, -40.15, -63.01, -288.58, -64.70, -46.60, -271.01, -80.25, -28.28, -263.24, -20.16, -26.16, -268.58, -46.35, 11.46, -249.45, -56.29, 28.36, -242.37, -65.50, 48.15, -236.89, -7.13, -8.76, -274.18, -21.03, 30.17, -259.53, -32.68, 60.11, -255.66, -37.65, 74.61, -250.35, 14.20, -2.63, -275.98,  5.03, 39.41, -280.49,  2.26, 58.12, -278.97, -0.33, 82.17, -275.09, 27.65, -2.49, -292.08, 28.43, 25.74, -291.29, 29.13, 47.16, -291.50, 29.55, 60.53, -293.36
22.10, -74.80, -309.64, -29.50, -73.23, -298.50, -58.27, -62.37, -283.15, -76.59, -47.03, -275.00, -20.19, -42.65, -266.68, -55.97, -14.93, -246.23, -70.00, -1.85, -238.05, -83.54, 14.49, -230.58, -9.51, -22.97, -265.09, -32.37,  8.95, -245.55, -49.48, 35.32, -237.88, -57.78, 47.30, -230.75, 10.43, -14.09, -260.65, -4.71, 26.30, -257.31, -10.83, 43.52, -252.20, -18.13, 65.30, -243.68, 26.41, -8.18, -272.89, 22.66, 18.86, -265.57, 20.06, 39.60, -260.84, 18.74, 52.98, -259.60
