44.96, -71.38, -289.58, 48.55, -18.95, -284.39, 41.39, 14.63, -282.89, 31.12, 36.45, -275.41,  0.16, -19.83, -287.80, -29.80, 17.81, -275.46, -43.38, 32.42, -269.38, -59.16, 46.06, -260.93, -17.70, -30.79, -279.76, -51.05, -5.06, -267.55, -73.89, 11.94, -252.17, -86.37, 21.29, -247.73, -30.35, -48.77, -283.28, -61.30, -36.19, -255.81, -76.82, -29.94, -246.85, -97.88, -21.72, -237.40, -29.87, -68.25, -275.49, -54.49, -63.10, -262.61, -73.01, -59.68, -252.38, -84.03, -58.36, -244.70
53.11, -66.72, -287.97, 59.17, -14.79, -280.49, 54.59, 19.06, -276.73, 47.43, 41.38, -267.36,  8.47, -15.98, -277.94, -19.15, 20.95, -259.50, -31.65, 35.21, -250.82, -46.04, 48.36, -239.58, -8.28, -27.65, -268.63, -40.17, -3.21, -251.04, -61.15, 12.44, -232.02, -73.08, 21.31, -225.53, -21.14, -45.55, -271.82, -49.14, -35.46, -240.43, -63.69, -30.13, -229.47, -83.69, -23.01, -217.25, -19.66, -65.47, -265.36, -43.17, -62.67, -249.94, -60.76, -61.06, -237.80, -71.04, -60.95, -229.05
56.08, -66.06, -275.35, 65.05, -14.58, -267.69, 62.82, 19.61, -264.93, 56.51, 42.67, -256.83, 14.04, -12.33, -271.64, -12.98, 26.75, -257.15, -25.42, 41.99, -250.24, -40.13, 56.30, -241.02, -4.52, -22.72, -264.45, -36.68,  4.07, -251.33, -58.80, 21.38, -235.29, -70.84, 31.13, -230.46, -18.04, -39.79, -269.10, -49.13, -27.39, -241.71, -64.60, -20.96, -232.78, -85.50, -12.36, -223.32, -18.73, -59.64, -262.31, -43.87, -55.27, -250.18, -62.79, -52.49, -240.49, -74.11, -51.66, -233.19
60.74, -65.69, -259.16, 80.41, -18.22, -246.97, 90.86, 14.24, -242.65, 95.87, 37.57, -234.41, 21.86, -9.55, -261.30, -0.99, 32.18, -247.05, -11.93, 48.67, -240.49, -25.56, 64.44, -232.00,  1.70, -18.96, -258.31, -30.88,  9.20, -249.97, -54.59, 26.98, -237.02, -66.78, 37.20, -233.78, -11.58, -34.99, -266.24, -47.88, -23.02, -245.98, -64.85, -16.57, -240.46, -87.17, -7.92, -235.23, -14.70, -54.96, -260.59, -42.67, -54.92, -256.59, -63.76, -55.52, -252.81, -76.69, -56.87, -249.17
66.06, -60.83, -261.82, 74.57, -11.32, -245.52, 68.77, 21.31, -236.42, 59.26, 41.23, -224.17, 28.48, -5.14, -249.41,  4.05, 33.16, -229.32, -7.36, 48.04, -220.20, -21.09, 61.82, -208.89,  9.28, -15.00, -243.24, -20.37, 12.09, -225.61, -40.76, 28.65, -206.72, -51.89, 38.53, -200.26, -5.63, -30.16, -249.86, -34.76, -19.08, -219.87, -49.35, -12.65, -209.57, -69.16, -3.70, -198.27, -7.77, -50.66, -245.92, -31.62, -45.10, -231.82, -49.61, -41.47, -220.74, -60.37, -40.36, -212.66
72.45, -54.11, -257.40, 87.52, -4.90, -245.57, 90.48, 28.68, -238.86, 89.93, 51.26, -227.57, 34.00, -0.88, -238.52, 13.21, 36.59, -213.42,  3.49, 51.09, -202.01, -8.04, 64.41, -188.01, 16.70, -11.92, -229.44, -11.32, 13.11, -206.81, -29.26, 28.16, -184.49, -39.76, 37.25, -176.09,  1.88, -27.99, -233.72, -23.50, -19.57, -199.72, -36.95, -14.44, -187.35, -55.54, -7.25, -173.10,  1.67, -48.58, -229.69, -21.35, -47.14, -213.36, -38.53, -46.67, -200.55, -48.57, -47.46, -191.56
65.48, -45.86, -267.67, 18.07, -58.13, -247.91, -9.79, -58.60, -227.80, -30.17, -50.42, -215.33, 25.97, -24.58, -216.16, -8.85, -4.55, -186.95, -22.83,  5.48, -175.16, -37.00, 18.83, -163.89, 32.84, -3.25, -214.86,  8.28, 22.42, -189.14, -11.73, 44.29, -176.17, -20.64, 53.91, -166.62, 51.19,  9.23, -213.05, 29.19, 45.45, -204.38, 20.76, 60.82, -197.10, 10.99, 80.18, -185.70, 63.40, 18.71, -227.25, 54.43, 43.53, -217.13, 47.77, 62.64, -210.08, 43.55, 75.15, -207.23
95.49, -41.61, -241.63, 94.98, 10.88, -235.82, 88.48, 44.28, -231.00, 83.24, 65.93, -219.12, 52.65,  9.91, -228.29, 38.05, 49.25, -201.73, 31.84, 64.68, -189.14, 25.69, 79.39, -173.27, 43.23,  2.05, -209.49, 21.78, 26.85, -180.36, 10.53, 44.30, -155.55,  3.99, 53.05, -143.55, 32.89, -15.82, -201.14, 61.48, -10.68, -169.08, 72.84, -19.34, -181.58, 87.84, -30.85, -197.16, 39.76, -32.52, -190.44, 48.14, -20.00, -166.54, 68.35, -25.76, -170.76, 72.91, -33.66, -180.71
89.94, -41.90, -236.75, 94.81, 10.49, -232.13, 85.41, 40.61, -218.52, 79.10, 57.34, -200.69, 59.02, 13.88, -212.23, 47.75, 55.67, -187.88, 42.84, 72.22, -176.17, 37.90, 88.21, -161.14, 50.80,  5.40, -193.15, 35.32, 35.33, -165.07, 29.76, 55.58, -140.46, 24.03, 66.48, -129.90, 38.50, -11.41, -185.28, 33.97,  6.78, -146.29, 28.51, 15.44, -130.30, 19.53, 26.66, -110.46, 43.29, -30.17, -177.52, 33.49, -22.07, -152.28, 26.67, -16.42, -132.76, 23.95, -13.76, -119.80
96.57, -44.14, -236.93, 108.00,  2.02, -213.95, 103.34, 26.41, -190.19, 100.27, 36.94, -167.45, 63.91,  8.70, -208.50, 58.46, 40.41, -170.66, 62.60, 49.26, -152.24, 70.54, 52.87, -131.50, 56.52, -1.22, -189.77, 51.69, 22.29, -153.07, 68.09, 28.14, -125.79, 78.72, 28.22, -113.54, 45.22, -19.01, -182.59, 56.43, -4.95, -143.25, 63.73, -0.10, -126.41, 78.36,  2.72, -106.96, 51.27, -37.99, -175.96, 52.72, -28.41, -149.42, 60.15, -23.39, -129.95, 69.66, -23.53, -120.37
74.91, -57.69, -237.34, 99.63, -51.98, -191.02, 90.86, -45.12, -158.50, 71.52, -47.92, -142.51, 71.23,  1.19, -202.88, 80.96, 24.78, -160.26, 85.28, 30.17, -140.59, 88.48, 32.72, -118.47, 54.27, -3.75, -189.02, 51.02, 18.48, -151.35, 54.37, 21.85, -119.35, 55.82, 23.60, -103.28, 33.35, -11.38, -188.86, 45.85, -18.88, -148.13, 55.75, -32.59, -139.52, 63.36, -50.58, -154.31, 25.23, -30.57, -186.31, 16.74, -23.55, -160.29, 11.17, -19.97, -139.90,  8.11, -19.24, -126.78
48.72, -66.84, -243.92, 84.92, -29.69, -233.97, 102.59, -2.71, -222.11, 114.85, 12.35, -205.98, 56.70, -5.85, -214.17, 77.66, 23.93, -180.40, 85.98, 35.23, -164.98, 94.53, 44.96, -146.58, 49.39, -10.87, -193.55, 61.52, 13.96, -159.49, 73.85, 27.87, -133.01, 79.31, 35.53, -119.79, 32.17, -19.91, -182.71, 63.38, -42.37, -162.90, 62.46, -52.45, -178.96, 61.41, -66.06, -199.31, 28.32, -39.36, -175.82, 48.41, -41.70, -156.09, 57.62, -57.33, -167.50, 53.08, -63.32, -178.72
18.87, -72.11, -233.52, 68.76, -89.38, -232.29, 101.36, -99.85, -235.32, 126.24, -101.37, -231.29, 75.13, -39.59, -254.62, 118.40, -16.24, -247.55, 135.68, -5.31, -243.48, 152.71,  7.83, -236.87, 71.04, -19.27, -246.03, 102.45, 10.72, -239.90, 124.96, 31.65, -229.78, 136.24, 42.54, -225.63, 55.55, -3.28, -245.30, 63.23, -5.31, -202.78, 51.86, -20.44, -204.26, 36.91, -39.81, -205.52, 40.19,  1.04, -231.67, 55.49,  7.85, -208.91, 47.52, -9.16, -198.59, 37.85, -17.70, -202.58
25.77, -68.76, -278.00, 70.51, -88.14, -257.72, 100.62, -93.37, -242.00, 117.66, -95.36, -223.47, 76.29, -37.03, -244.70, 99.78, -12.85, -208.22, 107.72, -2.84, -191.75, 113.45,  7.88, -172.81, 64.08, -24.19, -230.93, 56.69, -50.92, -196.95, 46.87, -58.56, -226.81, 48.76, -52.98, -241.93, 47.45, -9.37, -230.83, 35.56, -39.53, -202.18, 30.55, -48.64, -218.06, 34.18, -44.50, -241.94, 26.74, -11.25, -228.01, 24.76, -26.82, -204.50, 17.95, -43.94, -215.44, 16.51, -39.49, -228.10
39.80, -31.50, -276.50, -10.67, -37.65, -262.23, -30.64, -39.96, -234.35, -22.73, -30.10, -212.49, -5.45, -50.91, -229.13, -48.46, -51.43, -204.31, -65.79, -50.47, -192.74, -83.17, -47.03, -178.88,  3.64, -41.03, -211.14, -24.20, -40.29, -177.26, -45.02, -32.51, -153.74, -55.19, -32.02, -141.11, 22.75, -39.19, -199.86,  5.14, -20.22, -165.21, -2.08, -15.21, -148.38, -10.80, -10.53, -125.97, 38.38, -25.21, -200.56, 36.50, -15.93, -173.94, 35.32, -8.02, -154.05, 34.83, -0.93, -142.57
51.62, -56.71, -249.85,  3.79, -75.64, -237.90, -27.89, -63.49, -232.42, -48.45, -49.31, -236.10, -8.55, -47.71, -218.77, -56.87, -49.58, -207.45, -77.41, -49.03, -203.87, -99.73, -46.61, -202.46, -14.61, -28.22, -228.13, -56.51, -17.31, -221.16, -88.13, -10.80, -223.26, -103.64, -6.62, -220.93, -7.35, -7.51, -231.87, -46.19,  7.03, -244.16, -63.25, 15.09, -246.24, -84.94, 26.45, -247.23,  2.38,  1.43, -248.18, -19.11, 18.87, -253.88, -35.21, 31.99, -259.16, -44.91, 39.60, -264.66
59.28, -41.11, -253.49, 17.68, -35.78, -285.57, -15.75, -31.44, -292.26, -38.92, -21.46, -291.05, -9.02, -41.01, -251.94, -56.83, -28.16, -255.91, -76.64, -21.65, -256.18, -97.11, -12.46, -254.51, -12.21, -30.37, -232.43, -53.54, -17.67, -225.09, -81.30, -1.63, -220.71, -96.51,  3.22, -217.82, -6.45, -31.14, -210.96, -37.58, -3.47, -199.28, -52.87,  5.68, -192.76, -73.20, 15.72, -183.46,  8.32, -22.07, -199.76, -11.63, -8.50, -185.04, -26.22,  2.48, -173.82, -34.26, 10.88, -166.96
56.51, -44.70, -259.09, 15.47, -20.54, -281.92, -14.75, -5.11, -276.47, -31.71, 10.19, -265.72, -9.19, -27.18, -252.41, -52.02, -2.03, -252.80, -69.46,  9.31, -251.44, -86.84, 23.12, -247.77, -8.76, -19.37, -231.37, -44.90,  2.51, -219.60, -67.06, 24.53, -211.18, -80.28, 32.77, -206.64, -2.59, -24.92, -210.72, -23.95,  7.93, -192.38, -35.70, 19.71, -183.25, -51.86, 33.30, -170.82, 14.76, -21.48, -199.62,  0.92, -5.48, -180.88, -8.81,  7.21, -166.61, -13.26, 16.43, -157.81
53.27, -47.22, -253.56, 27.14, -49.74, -299.38,  6.63, -52.71, -326.80, -7.18, -49.35, -347.67, -9.96, -22.03, -259.42, -48.35,  4.80, -275.94, -63.96, 17.36, -281.74, -79.34, 33.10, -286.43, -9.41, -6.90, -242.84, -42.92, 21.39, -242.40, -62.43, 47.14, -244.16, -74.66, 57.80, -243.86, -4.75, -4.72, -221.18, -21.88, 34.59, -215.46, -32.11, 50.00, -211.20, -46.49, 68.72, -204.63, 12.59,  1.05, -210.86,  2.49, 22.27, -195.17, -4.31, 38.83, -183.38, -7.17, 49.95, -176.29
33.69, -28.26, -290.73, -18.74, -22.04, -289.49, -50.30, -15.13, -277.75, -69.46, -2.45, -267.29, -13.70, -9.18, -245.36, -48.83, 14.01, -218.99, -62.31, 24.94, -207.44, -74.69, 38.88, -194.83, -1.37,  4.80, -232.87, -24.29, 29.02, -204.38, -39.48, 52.16, -187.62, -47.78, 61.15, -176.96, 17.74,  6.01, -221.49,  7.24, 43.24, -202.12,  2.14, 57.44, -190.61, -4.44, 74.24, -174.04, 36.93, 12.80, -226.61, 33.57, 34.12, -208.36, 31.48, 50.68, -194.92, 30.93, 62.04, -187.65
46.84, -55.72, -237.70, 25.85, -16.64, -209.04, -6.64, -6.86, -214.51, -28.87, -15.45, -222.85, 30.66,  7.06, -259.24, 16.48, 53.35, -248.14,  8.56, 70.93, -240.21, -2.47, 87.69, -230.01,  8.33,  5.01, -260.00, -13.51, 42.98, -257.60, -31.15, 66.87, -244.78, -40.08, 79.24, -239.26, -7.93, -7.86, -268.15, -37.25, 22.37, -258.23, -50.27, 35.83, -255.17, -67.29, 52.99, -251.15, -18.70, -24.05, -259.86, -30.07, -14.76, -235.72, -17.32, -27.13, -223.71, -8.63, -36.53, -228.00
61.42, -57.65, -280.40,  9.43, -48.48, -281.95, -17.82, -29.50, -273.12, -32.43, -9.22, -269.55, 11.17, -21.79, -251.14, -27.43,  8.07, -241.90, -42.51, 22.00, -238.24, -56.80, 39.13, -235.31, 21.94, -2.36, -247.94, -3.79, 31.30, -236.58, -21.19, 58.53, -234.99, -30.52, 71.15, -230.88, 40.50,  6.22, -239.10, 26.45, 47.03, -241.94, 19.85, 64.66, -239.50, 11.43, 87.08, -234.36, 59.26, 10.93, -247.23, 54.65, 38.45, -242.82, 51.62, 59.52, -240.27, 50.49, 72.97, -240.42
57.03, -74.27, -242.19, 78.93, -27.66, -230.45, 82.72,  6.48, -231.25, 76.99, 31.02, -229.56, 51.94, -8.28, -259.14, 44.86, 40.88, -260.02, 40.09, 61.18, -260.22, 32.10, 82.20, -259.66, 29.85, -7.19, -262.98, 14.02, 33.48, -267.37, -0.72, 62.11, -264.28, -6.80, 77.06, -265.88, 13.51, -16.97, -274.52, -14.97, 14.53, -266.28, -26.90, 29.30, -266.16, -41.93, 48.54, -268.18, -0.19, -32.12, -269.74, -21.16, -13.24, -271.22, -37.47,  0.66, -271.80, -48.36,  8.55, -270.66
57.83, -75.04, -249.50, 77.14, -30.65, -228.37, 84.28,  1.70, -219.23, 79.22, 24.55, -209.76, 50.96, -10.37, -270.44, 35.53, 34.89, -257.02, 27.28, 50.94, -246.58, 15.71, 60.08, -229.58, 28.61, -8.58, -269.48, 10.52, 30.73, -262.37, -2.51, 48.56, -238.72, -6.91, 47.40, -223.14,  9.87, -18.46, -276.34, -10.52, 14.06, -256.40, -19.14, 26.86, -245.36, -25.82, 32.42, -222.45, -2.85, -32.58, -267.44, -19.58, -10.81, -260.72, -30.30,  1.93, -247.22, -32.45,  1.61, -233.89
56.86, -77.74, -281.77, 82.40, -35.25, -263.56, 90.84, -2.98, -255.30, 89.47, 19.92, -244.76, 42.89, -11.20, -275.11, 31.64, 34.62, -259.60, 25.27, 53.24, -252.69, 15.95, 71.85, -244.14, 20.57, -12.34, -273.11,  1.31, 25.12, -260.88, -14.05, 49.39, -245.99, -21.35, 63.20, -241.61,  2.43, -20.67, -283.00, -24.93,  2.53, -258.81, -37.39, 14.72, -251.30, -53.71, 31.38, -243.80, -8.40, -38.43, -280.21, -29.76, -22.70, -270.48, -46.20, -11.29, -262.78, -56.74, -5.31, -256.85
57.08, -77.02, -290.78, 75.12, -29.49, -276.48, 77.83,  4.25, -270.56, 72.73, 27.17, -261.28, 31.39, -13.82, -287.15, 12.58, 30.13, -273.67,  3.20, 47.70, -267.49, -9.01, 64.84, -259.51,  9.76, -18.85, -283.85, -15.51, 15.22, -272.72, -34.40, 37.24, -258.40, -43.92, 49.76, -254.42, -6.95, -30.96, -292.22, -37.01, -11.56, -267.91, -51.16, -1.36, -260.42, -69.92, 12.52, -252.98, -14.18, -50.17, -287.82, -37.63, -37.96, -277.83, -55.53, -29.24, -269.89, -66.72, -24.89, -263.72
51.25, -74.95, -311.58, 65.21, -25.34, -300.06, 64.35,  8.30, -293.06, 58.74, 29.93, -281.31, 18.41, -16.87, -296.87, -2.14, 23.19, -275.90, -11.88, 38.89, -266.23, -23.70, 53.67, -254.07, -0.30, -25.43, -287.89, -26.12,  3.87, -267.94, -43.17, 22.27, -247.51, -52.92, 33.00, -240.21, -16.67, -39.98, -291.90, -40.97, -26.14, -258.90, -53.71, -18.52, -247.08, -71.39, -8.01, -233.77, -19.31, -60.18, -286.84, -40.41, -52.13, -269.86, -56.34, -46.59, -256.63, -65.79, -44.22, -247.28
45.92, -80.96, -315.70, 56.45, -29.69, -308.65, 53.24,  4.30, -304.73, 46.04, 26.47, -295.02,  9.21, -24.06, -306.58, -14.12, 16.32, -289.48, -24.97, 32.16, -281.34, -37.86, 47.19, -270.65, -9.00, -32.97, -296.95, -36.91, -3.73, -279.92, -55.35, 15.29, -261.35, -65.85, 25.97, -255.13, -24.35, -48.87, -299.71, -49.88, -33.71, -268.25, -63.23, -25.89, -257.26, -81.71, -15.39, -245.07, -25.73, -68.65, -292.83, -47.52, -60.50, -276.78, -63.93, -54.84, -264.21, -73.62, -52.26, -255.17
44.15, -81.52, -311.47, 42.89, -29.18, -318.41, 32.22,  3.04, -323.81, 19.82, 24.78, -320.45, -4.53, -34.05, -318.09, -37.14,  3.00, -312.55, -51.68, 17.53, -309.01, -68.19, 31.49, -302.79, -20.96, -44.04, -306.51, -55.60, -18.48, -298.07, -78.89,  0.03, -285.37, -91.85,  9.30, -282.28, -32.28, -63.15, -304.97, -62.48, -46.52, -278.85, -77.90, -39.34, -270.41, -98.96, -30.50, -261.56, -29.79, -80.24, -293.05, -53.81, -73.34, -279.88, -71.84, -68.47, -269.36, -82.43, -65.88, -261.39
37.39, -83.33, -315.77, 29.52, -31.85, -324.52, 14.83, -1.38, -330.59,  0.03, 18.84, -327.46, -16.91, -42.32, -321.90, -53.51, -9.23, -316.23, -69.54,  3.59, -312.56, -87.36, 15.73, -306.12, -31.53, -53.71, -309.24, -68.63, -32.15, -300.18, -93.46, -16.04, -287.11, -107.31, -8.26, -283.79, -40.38, -73.96, -306.51, -71.30, -59.99, -279.67, -87.11, -54.37, -270.81, -108.72, -47.75, -261.35, -35.36, -90.13, -294.11, -59.49, -85.61, -280.12, -77.54, -82.49, -268.99, -88.03, -80.87, -260.65
33.60, -86.74, -318.94, 24.36, -35.23, -311.78,  9.45, -4.40, -308.89, -5.45, 14.15, -300.44, -22.64, -48.19, -314.59, -60.90, -19.94, -300.29, -77.61, -9.52, -293.41, -96.12, -0.68, -284.16, -36.97, -63.54, -306.66, -75.41, -47.43, -292.99, -101.40, -37.23, -276.63, -115.72, -31.46, -271.64, -44.81, -83.99, -310.66, -77.30, -80.21, -282.36, -93.68, -78.24, -272.98, -115.90, -75.75, -262.96, -39.34, -102.95, -303.70, -64.20, -104.28, -290.34, -82.79, -105.73, -279.76, -93.64, -107.34, -271.89
31.04, -87.76, -313.43, 16.38, -37.42, -319.76, -2.28, -8.89, -324.13, -19.44,  9.11, -319.77, -28.23, -53.90, -316.40, -68.57, -26.07, -308.39, -85.99, -15.58, -303.76, -105.01, -6.11, -296.35, -40.87, -67.58, -303.88, -80.13, -51.36, -292.95, -106.41, -39.12, -278.57, -121.02, -33.34, -274.56, -46.97, -88.89, -301.79, -78.57, -80.10, -273.59, -94.70, -76.92, -264.10, -116.67, -73.52, -253.81, -39.54, -104.75, -290.23, -63.61, -103.94, -275.45, -81.55, -103.62, -263.73, -91.90, -103.69, -255.06
33.37, -87.09, -308.10, 13.49, -38.26, -311.26, -8.09, -11.61, -313.53, -26.82,  4.29, -307.70, -29.08, -59.38, -307.51, -71.73, -36.28, -296.82, -89.95, -27.88, -291.13, -109.56, -20.81, -282.67, -39.84, -74.90, -295.38, -80.14, -63.38, -282.45, -107.01, -54.66, -266.68, -121.99, -50.62, -261.94, -43.68, -96.81, -294.28, -75.02, -92.76, -264.75, -91.05, -91.74, -254.63, -112.89, -91.15, -243.54, -34.29, -112.39, -283.82, -57.80, -114.82, -268.33, -75.27, -116.94, -256.09, -85.26, -118.52, -247.15
38.87, -79.46, -296.80, 14.24, -32.91, -300.76, -8.84, -7.64, -303.98, -28.04,  8.02, -299.13, -27.06, -61.59, -295.80, -72.06, -43.96, -284.35, -91.07, -37.87, -278.32, -111.22, -33.22, -269.46, -35.22, -78.43, -283.39, -76.62, -73.02, -269.99, -104.24, -68.28, -253.80, -119.57, -66.50, -248.82, -35.67, -100.65, -282.05, -67.12, -101.52, -252.37, -83.06, -103.03, -242.17, -104.62, -105.86, -230.88, -23.97, -114.52, -271.62, -46.44, -121.84, -256.12, -63.03, -127.58, -243.82, -72.43, -131.25, -234.85
48.65, -74.95, -278.86, 22.26, -29.53, -284.38, -2.33, -5.87, -288.44, -22.90,  8.08, -284.03, -17.41, -57.65, -281.07, -63.42, -41.23, -272.09, -82.87, -35.63, -267.07, -103.56, -31.47, -259.26, -25.96, -74.28, -268.65, -67.97, -68.97, -257.24, -96.35, -64.16, -242.48, -111.93, -62.42, -238.27, -26.30, -96.47, -266.87, -59.04, -96.49, -238.59, -75.41, -97.70, -229.07, -97.47, -100.22, -218.71, -14.98, -110.04, -255.70, -38.39, -115.93, -241.00, -55.75, -120.60, -229.33, -65.69, -123.57, -220.69
61.84, -69.05, -259.80, 33.61, -25.18, -268.05,  7.98, -3.06, -273.96, -13.55,  9.75, -270.86, -4.67, -54.58, -265.67, -51.68, -39.78, -259.52, -71.56, -34.83, -255.65, -92.76, -31.26, -249.01, -13.13, -71.16, -253.13, -55.83, -67.24, -243.89, -85.07, -63.15, -230.66, -100.88, -61.93, -227.25, -12.67, -93.28, -250.62, -46.64, -93.82, -223.85, -63.37, -95.43, -215.03, -85.77, -98.56, -205.61, -1.34, -105.99, -238.43, -25.13, -112.39, -224.59, -42.79, -117.42, -213.54, -52.98, -120.53, -205.25
62.84, -50.61, -262.32, 21.82, -18.45, -253.80, -9.71, -14.61, -240.70, -26.65, -19.92, -222.74, -3.61, -48.18, -246.65, -47.07, -35.32, -226.33, -64.89, -30.99, -216.41, -82.87, -27.69, -203.28, -4.22, -64.12, -230.86, -41.54, -64.78, -207.83, -64.78, -62.69, -185.41, -78.45, -63.05, -176.69,  1.42, -85.32, -227.05, -21.32, -88.38, -190.38, -33.65, -91.75, -176.34, -50.52, -97.35, -159.49, 18.36, -94.20, -218.41,  3.91, -104.99, -196.65, -6.30, -113.01, -179.60, -11.09, -117.40, -167.76
73.97, -51.35, -242.10, 46.42, -7.11, -233.57, 18.08, 11.48, -227.88, -3.54, 19.20, -217.36,  9.34, -29.63, -237.77, -34.44, -11.33, -223.09, -53.02, -5.13, -215.93, -72.83, -0.75, -206.21,  0.05, -47.70, -228.22, -40.88, -41.67, -213.65, -68.03, -37.72, -196.50, -83.18, -35.71, -191.07, -1.88, -69.75, -230.56, -33.47, -72.70, -201.16, -49.53, -74.50, -191.20, -71.27, -77.33, -180.26,  8.79, -85.90, -222.69, -14.23, -93.29, -208.06, -31.21, -99.20, -196.39, -40.71, -103.23, -187.69
78.56, -45.30, -231.38, 66.64,  5.79, -225.36, 53.07, 37.35, -224.43, 39.93, 57.94, -218.03, 16.81, -16.12, -232.76, -24.76,  8.24, -220.69, -42.77, 16.96, -214.81, -62.58, 23.89, -206.71,  4.33, -33.67, -226.43, -37.29, -24.11, -216.45, -65.89, -18.52, -202.39, -81.32, -15.19, -198.65,  0.28, -55.03, -231.28, -35.29, -58.46, -206.91, -52.69, -59.91, -199.47, -75.90, -61.95, -191.90,  7.99, -73.03, -223.75, -16.95, -82.53, -214.44, -35.47, -90.13, -206.78, -46.27, -95.45, -200.69
88.01, -34.44, -237.58, 75.29, 14.38, -253.21, 61.76, 43.82, -264.66, 49.94, 66.06, -266.47, 24.14, -10.29, -239.84, -15.11, 19.13, -232.01, -31.89, 30.54, -227.22, -49.90, 41.48, -219.32, 14.78, -23.26, -224.09, -25.25, -10.68, -211.30, -51.25,  0.44, -195.58, -66.01,  4.97, -190.59, 12.25, -44.54, -218.06, -18.44, -38.29, -188.22, -34.18, -37.01, -177.68, -55.42, -36.36, -165.50, 22.93, -56.97, -204.95,  2.04, -65.14, -187.75, -13.17, -71.31, -173.97, -21.57, -75.02, -164.07
95.58, -26.09, -241.89, 76.53, 22.62, -249.24, 54.89, 49.20, -251.63, 38.19, 67.31, -246.08, 33.15,  1.32, -237.54, -5.89, 29.35, -224.99, -22.46, 40.07, -218.26, -40.01, 50.10, -208.38, 24.45, -11.92, -221.64, -13.71,  1.82, -204.94, -37.79, 13.30, -186.63, -51.86, 18.23, -180.24, 21.29, -33.32, -216.36, -6.14, -25.46, -183.85, -20.77, -23.23, -171.96, -40.80, -21.28, -158.00, 32.34, -46.90, -204.79, 11.74, -50.62, -185.81, -3.23, -53.51, -170.75, -11.34, -55.30, -160.10
100.57, -31.69, -240.74, 99.62, 19.12, -226.37, 88.98, 50.94, -218.91, 76.31, 69.67, -207.69, 52.57, 15.80, -230.34, 19.83, 48.31, -211.94,  5.19, 60.55, -203.53, -11.54, 71.26, -192.97, 35.54,  2.50, -224.25,  0.72, 23.59, -207.93, -23.02, 36.25, -189.95, -36.04, 43.90, -184.02, 24.02, -15.39, -230.81, -7.30, -9.17, -201.63, -23.05, -5.33, -191.75, -44.44,  0.05, -181.08, 25.74, -35.78, -226.55,  1.14, -33.65, -212.81, -17.35, -32.57, -202.03, -28.30, -32.89, -194.14
103.24, -27.75, -239.64, 109.24, 23.63, -250.27, 104.11, 57.05, -256.44, 98.52, 81.53, -253.79, 57.45, 22.94, -239.89, 34.00, 65.64, -230.19, 23.47, 82.77, -224.66, 11.61, 99.83, -216.02, 43.19, 15.05, -224.45, 13.25, 43.92, -210.51, -4.87, 64.99, -193.95, -15.96, 75.53, -188.54, 31.21, -2.96, -219.17,  7.25, 16.33, -188.75, -5.97, 24.63, -177.95, -24.34, 34.93, -165.43, 34.97, -19.41, -206.76, 13.15, -15.12, -189.33, -2.85, -12.16, -175.38, -11.78, -10.75, -165.35
107.89, -22.34, -246.90, 113.38, 29.55, -238.76, 105.16, 62.43, -233.04, 95.70, 83.20, -222.24, 65.66, 30.50, -237.25, 41.41, 69.72, -218.80, 30.31, 85.04, -210.03, 17.39, 99.45, -198.56, 48.84, 19.87, -226.86, 18.83, 46.28, -208.82, -0.49, 63.41, -189.32, -11.69, 73.00, -182.56, 35.19,  2.39, -228.84,  8.79, 14.74, -196.88, -5.13, 21.04, -185.62, -24.31, 29.36, -172.84, 36.16, -17.30, -221.65, 13.19, -13.81, -205.56, -3.90, -11.70, -192.80, -13.74, -11.30, -183.57
109.31, -31.32, -231.64, 132.88, 15.77, -235.67, 142.74, 48.11, -241.85, 145.76, 73.16, -240.90, 80.79, 28.79, -247.20, 64.38, 75.64, -245.76, 56.07, 94.71, -244.21, 45.20, 114.05, -240.49, 59.84, 24.80, -240.22, 33.92, 60.14, -238.48, 15.35, 85.28, -230.12,  5.60, 98.23, -229.40, 43.10, 10.25, -242.22, 13.20, 35.25, -223.45, -1.20, 46.66, -218.68, -20.43, 61.28, -214.60, 37.29, -6.40, -230.83, 11.92,  4.10, -224.15, -7.29, 11.66, -218.37, -19.09, 15.77, -213.27
104.77, -37.19, -245.44, 130.87,  7.10, -233.31, 139.82, 39.92, -228.41, 139.80, 63.52, -219.46, 88.05, 28.98, -242.28, 76.62, 75.36, -228.68, 70.26, 94.19, -222.34, 61.15, 113.02, -214.05, 66.14, 26.99, -237.78, 46.30, 64.38, -226.29, 31.31, 88.99, -211.58, 23.78, 102.75, -207.43, 47.54, 17.10, -244.98, 21.46, 40.78, -219.89,  9.13, 52.90, -212.05, -7.28, 69.28, -204.12, 38.03, -0.85, -239.72, 16.46, 14.13, -229.28, -0.04, 24.97, -220.95, -10.45, 30.69, -214.52
102.08, -44.29, -245.89, 131.57, -4.65, -227.23, 142.40, 26.59, -217.87, 142.74, 48.91, -206.08, 93.46, 22.61, -235.08, 86.98, 68.16, -216.36, 82.60, 86.76, -208.02, 75.40, 105.49, -197.83, 71.29, 22.92, -231.60, 55.72, 60.92, -216.20, 43.22, 85.35, -199.06, 37.27, 99.38, -193.49, 51.99, 16.41, -240.58, 27.97, 40.12, -213.52, 16.93, 52.72, -204.60,  2.36, 70.02, -195.19, 40.10, -0.68, -237.91, 20.37, 15.78, -226.13,  5.17, 27.72, -216.87, -4.60, 33.99, -209.98
90.26, -49.59, -235.33, 117.99, -12.97, -209.26, 125.22, 18.69, -198.02, 121.18, 41.27, -187.49, 92.43, 18.22, -227.33, 92.48, 64.36, -208.92, 90.71, 83.59, -201.06, 85.91, 103.58, -191.91, 70.49, 22.76, -228.66, 59.69, 63.60, -216.86, 48.80, 90.48, -202.51, 44.60, 105.54, -198.20, 52.59, 19.44, -241.50, 28.20, 48.46, -220.65, 18.05, 63.28, -214.53,  5.24, 83.31, -208.61, 37.39,  4.98, -241.24, 17.84, 24.45, -235.15,  2.60, 38.66, -230.13, -7.65, 46.30, -225.79
83.64, -51.55, -225.85, 114.70, -13.43, -206.58, 122.97, 19.09, -199.17, 121.26, 42.58, -190.08, 88.38, 16.59, -224.27, 91.61, 64.18, -210.45, 91.20, 84.10, -204.27, 87.97, 104.97, -196.52, 66.56, 21.74, -223.20, 58.20, 63.76, -213.84, 49.79, 92.09, -200.66, 46.48, 107.59, -197.20, 47.08, 17.95, -233.31, 26.35, 49.47, -212.15, 17.44, 65.11, -206.11,  6.01, 86.00, -200.36, 31.72,  4.09, -229.83, 13.74, 24.77, -222.91, -0.27, 39.93, -217.15, -9.62, 48.30, -212.16
67.86, -51.45, -236.52, 105.77, -39.75, -201.66, 128.98, -24.86, -181.16, 140.94, -13.05, -162.31, 84.36, 10.19, -212.11, 93.92, 47.45, -180.69, 96.17, 63.44, -167.49, 95.55, 80.61, -152.97, 64.39, 20.28, -213.88, 61.27, 58.87, -193.27, 54.55, 83.55, -173.46, 53.12, 97.79, -165.81, 48.02, 24.46, -228.39, 27.25, 53.78, -204.30, 19.58, 69.10, -196.14, 10.35, 89.93, -187.12, 30.02, 14.60, -232.76, 12.30, 36.00, -227.62, -1.78, 51.59, -223.36, -11.63, 60.17, -219.97
64.81, -51.18, -205.45, 92.55, -6.34, -208.50, 96.37, 26.79, -216.80, 91.61, 51.54, -218.35, 63.38, 11.33, -232.99, 62.87, 60.35, -240.99, 60.94, 80.94, -243.67, 56.26, 102.91, -244.93, 41.40, 15.56, -231.30, 29.82, 57.18, -238.90, 19.94, 87.93, -237.05, 15.40, 103.30, -239.56, 21.43,  7.06, -236.26,  0.44, 43.82, -227.35, -9.08, 60.24, -227.08, -21.61, 81.24, -228.60,  7.84, -4.63, -225.35, -10.41, 16.94, -224.96, -24.51, 33.04, -223.71, -33.65, 42.64, -221.14
48.36, -54.00, -254.33, 10.57, -23.82, -275.54, -12.02,  0.95, -283.13, -19.37, 24.36, -289.08, 13.62, -1.72, -227.36,  1.88, 46.21, -233.00,  0.82, 65.83, -239.96,  7.27, 83.03, -252.96, 30.72, 12.14, -222.96, 23.73, 55.43, -222.67, 27.48, 81.62, -241.29, 33.86, 86.42, -255.41, 50.48, 12.98, -212.73, 51.19, 54.44, -225.07, 52.42, 71.69, -232.89, 57.89, 84.56, -253.01, 70.14, 10.20, -219.52, 72.07, 38.37, -220.70, 75.32, 57.23, -230.35, 79.17, 60.95, -242.74
52.68, -60.89, -235.08, 67.80, -12.39, -249.51, 63.84, 20.97, -256.77, 56.35, 44.87, -253.59, 26.09,  0.30, -249.78, 13.11, 48.24, -250.45,  6.64, 68.03, -249.28, -1.48, 88.63, -245.29,  8.66,  0.20, -235.64, -11.46, 38.92, -231.18, -23.40, 67.34, -221.36, -30.99, 81.57, -219.57, -8.97, -11.97, -229.59, -26.71, 20.18, -206.72, -36.87, 34.50, -199.52, -51.37, 52.72, -191.90, -12.03, -26.13, -214.52, -29.96, -8.22, -202.02, -43.35,  5.05, -191.82, -50.97, 12.86, -183.87
41.09, -70.95, -245.34, 48.58, -19.53, -254.78, 35.55, 12.27, -254.31, 23.33, 32.52, -245.48,  9.87, -10.95, -255.01, -4.01, 36.69, -252.86, -10.71, 56.29, -250.42, -18.78, 76.58, -244.99, -6.02, -12.52, -239.24, -27.31, 24.97, -231.20, -39.34, 52.38, -218.92, -47.30, 66.16, -215.72, -22.24, -25.88, -231.89, -39.35,  4.18, -205.91, -49.54, 17.55, -197.09, -64.12, 34.53, -187.13, -22.86, -40.66, -217.01, -40.76, -25.29, -201.46, -53.93, -13.96, -188.91, -61.06, -7.42, -179.50
34.67, -72.16, -271.42, 47.52, -28.63, -244.41, 29.44, -24.48, -215.48, 17.10, -41.56, -201.57, -13.18, -23.55, -267.41, -28.33, 22.88, -258.36, -33.11, 42.11, -251.89, -36.97, 61.75, -241.61, -20.50, -27.34, -246.53, -43.45,  5.80, -229.26, -53.20, 31.32, -211.93, -59.01, 43.96, -203.59, -28.11, -43.49, -233.22, -43.46, -16.66, -202.96, -52.32, -5.47, -190.45, -63.41,  8.85, -173.95, -18.61, -56.16, -219.37, -6.87, -39.33, -199.94, 14.18, -42.11, -202.87, 19.67, -51.10, -211.31
17.76, -73.47, -301.97, -8.66, -29.79, -288.43, -25.14, -18.14, -260.62, -24.97, -20.23, -235.45, -31.05, -38.76, -269.09, -52.57, -6.49, -238.07, -60.58,  6.37, -223.74, -66.93, 19.31, -206.47, -26.49, -45.10, -248.05, -47.51, -22.35, -217.00, -56.24, -2.84, -192.71, -63.80,  5.52, -181.04, -24.52, -63.50, -235.90, -32.93, -38.64, -201.51, -39.72, -29.38, -186.40, -50.05, -18.65, -166.94, -10.79, -75.83, -230.03, -20.78, -64.64, -206.08, -27.58, -56.15, -187.61, -30.02, -50.57, -175.57
12.51, -85.81, -312.38, -23.75, -47.43, -311.07, -47.00, -28.59, -294.18, -54.31, -16.57, -273.22, -40.87, -54.52, -283.41, -64.44, -23.02, -253.10, -73.01, -10.07, -239.18, -79.62,  3.67, -222.64, -34.06, -54.73, -262.03, -57.59, -30.30, -234.22, -68.84, -8.03, -213.62, -77.31,  1.04, -203.17, -28.23, -69.35, -246.53, -43.17, -38.77, -219.83, -52.30, -27.54, -207.55, -65.31, -14.53, -191.37, -13.55, -78.23, -239.25, -28.07, -61.77, -221.46, -38.31, -48.99, -207.63, -43.26, -40.36, -198.50
12.51, -85.81, -312.38, -23.75, -47.43, -311.07, -47.00, -28.59, -294.18, -54.31, -16.57, -273.22, -40.87, -54.52, -283.41, -64.44, -23.02, -253.10, -73.01, -10.07, -239.18, -79.62,  3.67, -222.64, -34.06, -54.73, -262.03, -57.59, -30.30, -234.22, -68.84, -8.03, -213.62, -77.31,  1.04, -203.17, -28.23, -69.35, -246.53, -43.17, -38.77, -219.83, -52.30, -27.54, -207.55, -65.31, -14.53, -191.37, -13.55, -78.23, -239.25, -28.07, -61.77, -221.46, -38.31, -48.99, -207.63, -43.26, -40.36, -198.50
12.51, -85.81, -312.38, -23.75, -47.43, -311.07, -47.00, -28.59, -294.18, -54.31, -16.57, -273.22, -40.87, -54.52, -283.41, -64.44, -23.02, -253.10, -73.01, -10.07, -239.18, -79.62,  3.67, -222.64, -34.06, -54.73, -262.03, -57.59, -30.30, -234.22, -68.84, -8.03, -213.62, -77.31,  1.04, -203.17, -28.23, -69.35, -246.53, -43.17, -38.77, -219.83, -52.30, -27.54, -207.55, -65.31, -14.53, -191.37, -13.55, -78.23, -239.25, -28.07, -61.77, -221.46, -38.31, -48.99, -207.63, -43.26, -40.36, -198.50
11.47, -85.89, -332.51, -25.33, -49.07, -323.58, -48.80, -32.40, -304.81, -58.52, -20.52, -284.76, -36.72, -67.84, -287.57, -62.62, -43.52, -252.86, -72.13, -33.64, -237.15, -79.71, -23.15, -218.75, -26.13, -73.21, -268.52, -45.30, -58.19, -232.04, -53.60, -42.64, -204.91, -60.46, -37.11, -191.28, -15.93, -90.25, -258.57, -18.87, -70.75, -220.07, -22.71, -64.69, -202.50, -28.87, -58.50, -179.61,  3.20, -96.68, -256.96,  0.11, -91.39, -229.37, -1.36, -87.09, -208.42, -0.61, -83.60, -195.40
 4.07, -78.04, -335.58, -24.31, -33.54, -333.75, -14.94, -13.58, -307.39,  6.82, -13.26, -294.58, -37.00, -72.78, -281.24, -71.92, -45.86, -258.39, -84.59, -30.89, -251.28, -95.48, -12.43, -244.43, -24.73, -58.76, -268.73, -47.24, -35.49, -239.16, -61.86, -9.40, -226.80, -69.30,  3.17, -219.75, -4.29, -56.01, -260.31, -19.91, -24.83, -234.71, -26.56, -11.75, -222.67, -34.90,  5.59, -207.51, 12.63, -45.61, -267.18,  5.28, -18.43, -269.59,  5.88, -14.36, -290.63, 10.26, -22.95, -300.07
 2.85, -82.16, -337.57, -40.53, -81.67, -307.45, -63.91, -73.42, -283.65, -80.72, -59.76, -270.67, -22.68, -61.95, -277.51, -56.52, -36.94, -251.12, -70.33, -25.00, -241.05, -84.76, -10.06, -232.40, -19.57, -39.81, -279.48, -44.42, -12.80, -255.48, -65.48,  8.21, -242.75, -75.47, 18.75, -235.53, -3.98, -24.59, -284.08, -34.37, -9.51, -310.93, -27.96, -23.74, -321.74, -19.80, -41.69, -336.27,  1.61, -14.87, -301.82, -21.76,  0.22, -306.82, -25.09, -11.06, -324.74, -17.12, -20.29, -330.53
43.22, -71.88, -314.92, 29.79, -20.93, -318.63, 10.23,  7.26, -316.68, -4.83, 25.12, -307.12, -11.96, -32.83, -304.98, -45.41,  0.18, -288.91, -59.67, 12.99, -280.71, -74.77, 25.16, -269.31, -21.67, -44.41, -288.39, -54.93, -23.83, -268.53, -74.87, -8.24, -248.38, -87.19, -0.80, -240.90, -28.52, -64.87, -282.89, -50.56, -51.48, -248.16, -63.23, -46.24, -235.03, -81.13, -40.16, -219.44, -19.40, -80.58, -272.37, -38.36, -77.52, -251.64, -52.16, -75.45, -235.37, -59.49, -74.41, -224.08
49.87, -65.04, -319.44, 37.00, -14.84, -309.25, 19.38, 13.87, -302.46,  4.11, 30.04, -290.51, -7.26, -31.39, -302.95, -44.27, -6.67, -280.92, -60.14,  2.22, -270.72, -77.19,  9.36, -257.89, -18.39, -47.94, -292.65, -54.46, -35.19, -271.20, -77.39, -27.28, -249.79, -90.84, -22.75, -241.93, -25.17, -68.97, -295.43, -51.27, -68.17, -260.95, -65.46, -67.66, -248.34, -85.26, -67.13, -233.94, -16.78, -87.44, -290.05, -38.06, -90.64, -271.73, -53.83, -93.48, -257.49, -62.62, -95.90, -247.54
55.34, -65.88, -303.48, 40.37, -15.46, -308.27, 21.67, 13.02, -312.78,  3.82, 30.48, -309.07, -4.01, -32.73, -310.28, -45.49, -5.99, -304.66, -63.48,  3.96, -301.17, -83.31, 12.70, -295.12, -17.54, -47.31, -299.88, -57.99, -32.33, -291.94, -85.78, -21.35, -279.53, -100.83, -16.02, -276.65, -23.39, -68.80, -299.66, -57.76, -62.16, -274.24, -74.79, -59.78, -266.21, -97.73, -57.31, -257.96, -16.81, -85.21, -288.37, -42.21, -85.63, -276.01, -61.22, -86.27, -266.11, -72.36, -87.01, -258.53
59.60, -62.05, -304.85, 40.10, -13.36, -298.70, 18.87, 13.60, -296.96, -0.36, 28.20, -289.56, -2.63, -33.87, -304.24, -46.20, -12.88, -292.90, -64.92, -5.61, -287.30, -85.31, -0.23, -279.46, -14.56, -51.52, -297.16, -56.00, -42.39, -286.09, -84.38, -36.93, -271.54, -99.78, -33.76, -267.53, -18.44, -73.01, -301.53, -52.69, -75.16, -275.19, -69.69, -76.14, -266.79, -92.56, -77.64, -258.14, -10.16, -90.77, -294.03, -35.14, -96.20, -281.99, -53.78, -100.71, -272.42, -64.63, -104.09, -265.14
60.29, -53.87, -296.22, 36.93, -6.78, -301.38, 16.60, 20.27, -307.36, -0.58, 38.73, -305.93, -6.42, -42.63, -305.76, -52.82, -25.93, -299.82, -72.57, -20.30, -296.20, -93.83, -16.28, -290.03, -14.67, -61.06, -295.96, -58.01, -60.59, -289.23, -88.02, -59.63, -277.20, -104.03, -59.64, -274.52, -12.92, -83.26, -295.96, -48.38, -91.18, -272.49, -65.39, -95.75, -265.43, -87.83, -102.38, -258.16, -1.67, -96.64, -284.36, -23.09, -111.97, -274.13, -38.86, -123.70, -265.58, -47.90, -131.05, -258.77
62.22, -56.42, -296.32, 34.16, -11.85, -300.26, 10.17, 12.35, -304.74, -9.40, 28.03, -301.82, -5.49, -48.95, -301.56, -52.62, -35.74, -293.14, -72.51, -31.58, -288.45, -93.63, -29.09, -281.11, -12.05, -67.62, -290.97, -54.83, -69.40, -281.47, -84.06, -69.88, -267.60, -99.84, -70.73, -263.93, -9.09, -89.69, -290.77, -42.50, -98.63, -264.80, -58.79, -103.79, -256.52, -80.37, -111.26, -247.66,  3.62, -102.24, -279.75, -16.91, -117.39, -267.61, -31.97, -128.96, -257.67, -40.47, -136.16, -250.04
67.21, -57.49, -293.43, 34.85, -15.92, -289.74,  6.91,  4.07, -289.06, -15.44, 13.56, -282.12, -0.53, -48.60, -293.39, -48.07, -39.72, -282.08, -68.01, -37.53, -276.39, -89.00, -37.44, -268.28, -6.80, -68.40, -284.87, -49.06, -70.91, -273.41, -77.70, -72.87, -258.48, -93.32, -74.02, -254.28, -4.28, -90.34, -287.69, -36.43, -100.64, -260.65, -52.40, -105.98, -251.89, -73.82, -113.50, -242.68,  8.80, -104.37, -279.23, -13.25, -116.67, -266.55, -29.54, -126.25, -256.43, -38.77, -132.43, -248.76
73.91, -55.42, -280.66, 45.13, -12.84, -268.47, 18.96,  8.95, -263.89, -2.47, 19.31, -255.45,  6.96, -41.79, -281.05, -39.86, -30.73, -268.72, -59.68, -27.78, -262.94, -80.82, -27.28, -255.25, -0.99, -62.44, -277.26, -43.78, -64.31, -267.83, -73.01, -67.41, -254.31, -88.82, -68.32, -250.79,  0.26, -83.40, -284.67, -33.72, -97.39, -261.85, -50.37, -103.52, -255.12, -72.55, -111.55, -248.48, 12.00, -99.83, -278.96, -10.74, -114.42, -270.68, -27.52, -125.86, -263.81, -37.10, -133.54, -258.21
81.69, -48.65, -270.24, 55.58, -5.79, -253.79, 31.82, 18.07, -246.91, 11.87, 30.16, -237.26, 15.03, -33.71, -269.40, -31.42, -22.67, -255.70, -51.13, -19.78, -249.52, -72.23, -19.49, -241.71,  6.65, -54.48, -267.86, -36.22, -56.49, -258.83, -65.57, -60.43, -245.81, -81.42, -61.40, -242.46,  7.53, -74.55, -277.47, -26.83, -90.48, -256.58, -43.63, -97.07, -250.68, -65.97, -105.45, -245.12, 18.91, -91.73, -273.51, -3.88, -107.30, -267.42, -20.70, -119.54, -262.26, -30.34, -127.87, -257.80
90.49, -37.48, -262.44, 65.51,  9.00, -260.14, 44.18, 35.91, -261.44, 26.33, 53.09, -256.57, 23.13, -26.61, -265.89, -23.43, -13.00, -255.20, -43.12, -8.82, -249.78, -64.11, -6.65, -241.97, 15.84, -46.38, -258.14, -26.95, -47.90, -248.65, -56.14, -49.33, -234.78, -71.94, -50.10, -231.15, 17.90, -68.33, -261.27, -15.76, -79.80, -236.65, -32.21, -85.52, -229.10, -54.05, -93.41, -221.28, 30.12, -82.88, -252.36,  9.03, -98.91, -242.51, -6.46, -111.27, -234.34, -15.24, -119.22, -227.87
99.61, -34.13, -254.16, 71.26,  6.46, -235.76, 45.48, 27.95, -228.35, 23.56, 36.40, -219.11, 33.32, -17.69, -252.26, -13.96, -8.43, -240.16, -34.00, -6.32, -234.81, -55.47, -6.95, -228.10, 24.44, -38.30, -252.34, -18.57, -39.78, -243.91, -48.31, -43.76, -231.79, -64.24, -44.48, -228.83, 24.87, -57.59, -263.45, -9.95, -73.40, -243.23, -26.95, -79.66, -237.58, -49.64, -87.41, -232.53, 35.82, -75.30, -260.80, 11.61, -88.21, -254.05, -6.41, -98.46, -248.60, -16.86, -105.68, -244.04
103.94, -23.25, -268.09, 78.70, 17.59, -246.10, 54.37, 38.11, -233.13, 35.63, 46.19, -218.26, 40.31, -10.67, -246.61, -1.49, -2.76, -220.98, -18.96, -1.16, -209.71, -37.07, -2.17, -196.40, 33.99, -31.59, -241.49, -3.82, -34.44, -219.45, -27.68, -38.47, -197.97, -41.73, -39.71, -189.94, 32.83, -52.17, -249.92,  7.93, -67.04, -217.83, -5.71, -73.44, -206.29, -24.76, -81.73, -193.30, 45.78, -68.66, -249.02, 26.33, -81.81, -233.29, 12.05, -92.17, -221.11,  4.33, -99.24, -212.59
109.48, -18.53, -265.97, 85.07, 22.77, -243.87, 61.14, 43.84, -231.04, 42.40, 52.28, -216.39, 45.90, -4.34, -245.37,  3.92,  4.49, -220.33, -13.68,  6.46, -209.33, -32.04,  5.82, -196.33, 38.88, -25.13, -240.62,  0.64, -27.13, -219.24, -23.68, -30.72, -198.21, -37.89, -31.65, -190.42, 37.26, -45.56, -249.33, 11.41, -60.07, -217.84, -2.60, -66.22, -206.60, -22.10, -74.10, -194.03, 49.71, -62.43, -248.42, 29.62, -75.19, -233.18, 14.85, -85.28, -221.37,  6.78, -92.22, -213.07
113.76, -17.79, -263.66, 92.69, 25.88, -242.73, 70.46, 49.27, -230.91, 52.12, 59.63, -216.99, 51.16,  2.64, -245.46,  9.37, 15.71, -222.01, -8.34, 19.48, -211.66, -27.12, 20.73, -199.33, 42.01, -17.33, -240.84,  3.02, -15.43, -220.83, -22.27, -16.45, -200.67, -36.76, -15.93, -193.40, 38.74, -37.59, -249.46, 10.50, -49.24, -218.83, -4.42, -53.90, -208.07, -25.02, -59.74, -196.16, 49.46, -55.58, -248.00, 27.71, -66.19, -233.41, 11.62, -74.69, -222.07,  2.64, -80.75, -214.02
116.13, -22.66, -243.92, 106.33, 29.02, -239.21, 94.16, 61.16, -239.76, 81.14, 82.22, -234.84, 56.93, 10.43, -252.14, 15.75, 37.26, -244.94, -2.27, 47.05, -241.18, -22.44, 55.18, -235.42, 42.72, -6.26, -247.29,  0.94,  6.02, -242.05, -28.65, 13.52, -231.32, -44.16, 17.86, -229.35, 37.87, -27.33, -252.61, -0.33, -28.23, -232.33, -18.51, -28.47, -226.87, -42.50, -28.91, -221.94, 43.51, -45.76, -244.30, 17.06, -53.23, -237.73, -2.71, -59.32, -232.12, -14.49, -63.74, -227.23
117.69, -23.90, -248.33, 112.27, 26.71, -234.22, 101.55, 58.91, -228.80, 88.78, 78.84, -220.03, 63.38, 17.56, -248.54, 25.34, 47.04, -236.26,  8.47, 57.93, -230.63, -10.74, 67.07, -223.31, 47.10,  2.26, -246.36,  7.37, 18.75, -237.79, -20.93, 28.02, -225.15, -35.71, 33.93, -222.04, 39.44, -16.66, -255.27,  1.79, -15.85, -234.00, -16.16, -14.53, -227.96, -39.92, -12.48, -222.33, 42.62, -36.87, -250.63, 15.44, -40.49, -243.83, -4.98, -43.79, -238.20, -17.26, -46.78, -233.45
120.32, -21.40, -251.16, 115.26, 29.63, -238.54, 103.42, 61.58, -234.03, 89.34, 80.87, -225.83, 68.24, 22.82, -251.51, 31.26, 53.98, -240.18, 14.78, 65.62, -234.89, -4.08, 75.65, -227.85, 51.24,  8.46, -248.57, 12.60, 27.28, -239.83, -14.95, 38.44, -227.06, -29.35, 45.23, -223.92, 42.43, -10.27, -256.78,  5.51, -6.50, -234.56, -12.15, -3.90, -228.09, -35.58, -0.22, -221.97, 44.66, -30.49, -251.62, 17.61, -31.20, -243.46, -2.75, -32.27, -236.84, -15.02, -33.87, -231.45
120.63, -20.87, -241.95, 128.82, 31.29, -243.21, 131.54, 65.20, -248.08, 130.15, 90.38, -246.78, 72.39, 23.18, -261.97, 40.37, 61.14, -261.75, 25.73, 75.97, -260.88,  8.41, 90.07, -258.10, 54.15, 10.94, -257.37, 16.19, 32.86, -259.10, -11.67, 48.14, -253.03, -25.82, 56.06, -253.50, 45.00, -9.04, -261.00,  5.26,  0.33, -246.71, -13.08,  4.44, -244.06, -37.02,  9.44, -242.59, 45.09, -26.92, -250.02, 17.25, -30.95, -247.37, -3.72, -34.36, -244.49, -16.53, -37.01, -241.18
119.24, -30.16, -250.84, 125.09, 19.24, -233.09, 123.64, 52.91, -226.37, 116.87, 75.65, -217.74, 77.44, 23.32, -258.64, 46.59, 61.37, -250.43, 32.32, 76.14, -246.82, 15.06, 89.78, -242.11, 57.97, 12.42, -261.02, 22.24, 37.78, -259.12, -5.17, 53.15, -251.42, -18.52, 62.35, -250.72, 48.20, -3.78, -272.77,  7.87,  5.16, -259.94, -10.22, 10.46, -257.75, -33.58, 17.81, -256.99, 45.51, -24.29, -269.22, 17.28, -23.01, -269.47, -4.15, -22.68, -269.10, -17.54, -23.53, -267.62
118.12, -37.32, -251.52, 123.14, 13.14, -236.76, 119.34, 47.07, -232.78, 109.33, 69.43, -226.70, 80.23, 18.69, -261.30, 50.44, 58.19, -256.90, 36.56, 73.62, -254.87, 19.61, 88.10, -251.83, 60.07,  9.10, -263.61, 26.27, 37.04, -263.14, -0.04, 54.72, -256.64, -12.66, 64.92, -256.59, 49.32, -6.71, -275.03, 10.02,  6.08, -262.26, -7.52, 13.00, -260.12, -30.13, 22.44, -259.63, 45.17, -26.87, -270.95, 17.56, -20.94, -269.80, -3.47, -17.00, -268.50, -16.73, -15.57, -266.44
112.30, -49.24, -251.89, 126.25,  0.64, -241.56, 129.18, 34.83, -239.74, 124.81, 59.11, -234.36, 80.23,  9.86, -263.96, 56.30, 53.22, -260.08, 44.77, 70.47, -258.07, 30.18, 87.27, -254.71, 59.00,  2.57, -263.91, 28.66, 34.23, -263.42,  5.11, 55.31, -256.49, -6.27, 66.88, -256.37, 45.65, -12.74, -273.03,  8.95,  5.30, -258.93, -7.58, 14.26, -256.28, -28.99, 26.10, -255.10, 39.62, -31.86, -266.84, 12.59, -23.85, -264.91, -8.01, -18.30, -262.90, -21.01, -15.72, -260.30
103.31, -53.56, -278.54, 116.96, -5.44, -261.58, 116.93, 27.72, -252.56, 111.36, 49.12, -240.38, 69.23,  4.19, -265.46, 46.37, 43.19, -244.88, 35.53, 58.42, -235.63, 22.24, 72.61, -224.31, 49.23, -4.50, -260.14, 20.88, 24.00, -242.59,  1.02, 41.36, -223.85, -9.63, 51.78, -217.45, 33.54, -18.37, -267.70,  4.31, -5.92, -238.34, -10.11,  1.29, -228.32, -29.59, 11.39, -217.41, 29.81, -38.70, -264.61,  6.02, -31.50, -251.17, -11.99, -26.64, -240.61, -22.94, -24.78, -232.94
84.10, -68.59, -275.36, 103.22, -22.59, -257.82, 107.53, 10.81, -250.97, 102.99, 33.99, -242.04, 62.89, -3.65, -274.41, 45.33, 41.38, -262.96, 36.36, 59.50, -257.86, 24.33, 77.37, -251.37, 40.70, -7.06, -274.19, 16.70, 28.76, -266.17, -2.34, 52.05, -254.26, -11.37, 65.23, -251.45, 24.49, -17.82, -285.00, -6.98,  3.99, -264.87, -21.16, 15.31, -259.29, -39.58, 30.68, -254.34, 15.30, -36.37, -282.10, -8.16, -22.14, -275.30, -26.16, -11.89, -269.80, -37.67, -6.56, -265.19
76.91, -68.99, -299.17, 94.36, -21.10, -285.32, 96.07, 12.34, -277.57, 91.64, 34.21, -265.77, 48.52, -8.30, -285.78, 29.98, 33.06, -265.48, 20.92, 49.39, -256.21,  9.52, 64.96, -244.63, 28.45, -15.20, -278.47,  3.93, 16.09, -259.95, -12.93, 35.69, -240.49, -22.19, 47.17, -233.73, 11.17, -28.06, -284.11, -14.24, -12.29, -252.86, -27.10, -3.60, -241.93, -44.69,  8.43, -229.84,  6.23, -47.95, -279.81, -15.26, -37.98, -264.40, -31.56, -30.99, -252.37, -41.44, -27.77, -243.75
63.14, -81.04, -298.45, 85.11, -34.93, -285.00, 90.51, -1.46, -279.38, 87.42, 21.82, -270.10, 42.37, -16.07, -294.48, 27.31, 29.22, -280.74, 19.46, 47.47, -274.40,  8.82, 65.51, -266.18, 20.54, -19.46, -290.51, -1.76, 16.47, -278.87, -18.53, 39.90, -264.14, -26.96, 53.12, -259.96,  2.73, -30.31, -298.30, -25.06, -8.61, -273.25, -38.18,  2.65, -265.41, -55.62, 17.94, -257.51, -5.79, -48.90, -293.57, -27.95, -34.93, -282.97, -44.90, -24.86, -274.56, -55.54, -19.65, -268.10
55.51, -85.51, -299.34, 76.50, -37.08, -301.22, 79.14, -2.96, -304.43, 75.10, 21.62, -300.31, 33.66, -21.43, -308.54, 20.12, 26.15, -304.14, 13.06, 45.57, -301.29,  3.60, 65.30, -296.08, 12.97, -23.38, -300.06, -8.11, 14.61, -294.07, -22.75, 41.20, -282.86, -30.74, 55.15, -280.65, -5.57, -35.63, -301.56, -29.25, -7.78, -278.44, -41.15,  5.32, -271.57, -57.39, 22.37, -264.83, -12.54, -52.25, -290.83, -33.08, -35.88, -280.40, -48.67, -23.89, -271.89, -58.20, -17.16, -265.09
46.04, -85.27, -293.07, 59.05, -37.67, -274.25, 61.62, -4.25, -266.68, 53.46, 18.07, -258.15, 29.85, -23.26, -316.75,  8.28, 19.94, -305.11, -2.06, 35.13, -295.25, -14.63, 43.32, -278.48,  7.48, -24.60, -315.51, -15.93, 12.05, -309.85, -31.12, 28.92, -286.81, -35.16, 27.88, -271.13, -9.74, -37.34, -321.62, -34.33, -7.14, -302.81, -44.58,  4.82, -292.20, -51.75, 10.42, -269.46, -20.24, -52.68, -311.89, -39.82, -33.22, -305.87, -52.10, -21.51, -292.77, -54.05, -21.51, -279.41
44.29, -86.34, -301.69, 55.92, -38.23, -283.25, 57.43, -4.71, -275.83, 48.63, 17.34, -267.24, 25.53, -25.03, -325.30,  2.64, 17.42, -313.45, -8.07, 32.28, -303.48, -20.65, 40.08, -286.54,  3.24, -27.16, -323.69, -21.35,  8.66, -317.77, -36.75, 25.08, -294.54, -40.50, 23.96, -278.79, -13.61, -40.53, -329.47, -38.95, -11.13, -310.35, -49.43,  0.49, -299.63, -56.42,  5.94, -276.78, -23.40, -56.19, -319.51, -43.55, -37.40, -313.23, -56.03, -26.08, -299.98, -57.75, -26.10, -286.59
40.55, -87.27, -310.19, 54.35, -39.99, -291.13, 57.31, -6.68, -283.20, 49.52, 15.56, -274.14, 24.01, -24.87, -332.57,  3.01, 18.27, -319.75, -6.96, 33.38, -309.39, -19.01, 41.40, -292.17,  1.68, -26.13, -330.70, -21.37, 10.56, -323.89, -35.80, 27.20, -300.19, -39.40, 25.97, -284.42, -15.78, -38.70, -336.48, -39.66, -8.63, -316.57, -49.54,  3.23, -305.52, -56.01,  8.57, -282.50, -26.07, -54.12, -326.65, -45.37, -34.64, -319.81, -57.21, -23.05, -306.21, -58.77, -23.22, -292.80
41.35, -84.25, -308.58, 51.90, -36.60, -288.40, 52.71, -3.22, -280.25, 42.78, 18.46, -271.96, 24.36, -22.45, -332.24,  1.23, 20.12, -321.31, -9.92, 34.92, -311.76, -23.45, 42.56, -295.48,  2.01, -24.50, -332.08, -22.74, 11.39, -327.32, -39.55, 27.58, -304.92, -44.33, 26.27, -289.47, -14.49, -37.68, -339.15, -41.11, -8.52, -321.47, -52.29,  2.92, -311.26, -60.76,  7.93, -288.82, -24.95, -53.47, -330.12, -45.59, -34.85, -325.02, -59.02, -23.75, -312.53, -61.67, -23.97, -299.29
46.89, -70.46, -300.62, 50.44, -20.83, -282.90, 47.31, 12.87, -276.93, 35.04, 34.09, -270.88, 25.98, -12.30, -329.75, -2.73, 27.76, -323.64, -16.36, 41.67, -316.17, -32.22, 48.57, -301.78,  4.06, -16.79, -331.52, -24.70, 16.32, -331.22, -45.22, 31.68, -311.47, -51.30, 30.64, -296.46, -10.20, -32.07, -339.22, -41.14, -5.03, -325.70, -54.34,  5.71, -317.30, -65.41, 11.06, -296.10, -19.80, -48.39, -330.17, -42.51, -31.72, -328.01, -58.04, -21.42, -317.41, -61.87, -21.21, -304.47
58.59, -53.71, -301.54, 61.38, -1.89, -291.72, 55.97, 32.04, -292.31, 43.93, 54.16, -290.51, 23.77,  1.84, -320.77, -5.71, 41.63, -324.57, -19.50, 57.21, -326.06, -36.47, 71.95, -326.86,  3.78, -7.57, -324.73, -28.98, 20.91, -331.00, -55.33, 39.62, -329.54, -67.54, 50.02, -332.03, -5.93, -24.15, -335.98, -45.95, -9.27, -329.05, -63.37, -1.74, -329.59, -85.51,  8.29, -332.64, -11.12, -43.79, -330.71, -38.24, -36.14, -332.83, -58.97, -30.84, -334.04, -72.24, -28.43, -333.48
66.43, -35.96, -339.23, 13.75, -34.63, -342.71, -15.70, -21.35, -330.99, -30.45, -2.68, -322.55,  8.74, -18.08, -307.29, -36.06,  0.46, -296.53, -54.07,  9.84, -291.80, -71.98, 22.60, -287.01, 15.24,  1.66, -298.81, -17.58, 25.99, -282.86, -40.41, 48.15, -276.97, -52.40, 57.37, -271.10, 31.28, 11.13, -286.61,  9.62, 48.19, -281.24, -0.41, 63.21, -275.41, -13.29, 81.81, -266.02, 49.06, 21.04, -291.72, 39.66, 45.57, -281.32, 32.98, 64.62, -274.11, 29.60, 77.38, -271.27
79.51, -29.27, -297.14, 69.65, 22.53, -300.14, 54.28, 52.87, -305.08, 37.87, 71.91, -302.71, 25.53, 10.29, -310.90, -14.03, 40.28, -309.38, -31.48, 51.59, -307.79, -51.21, 61.72, -304.03,  9.15, -3.23, -303.64, -30.40, 15.53, -301.00, -58.59, 28.76, -292.22, -73.32, 35.51, -291.28,  1.26, -23.92, -305.84, -36.01, -14.04, -286.24, -53.79, -9.89, -281.04, -77.36, -4.95, -276.54,  4.13, -41.52, -295.24, -22.93, -38.90, -287.53, -43.31, -37.27, -281.10, -55.62, -36.75, -275.59
82.81, -27.67, -295.04, 69.82, 23.20, -289.33, 53.03, 53.17, -288.54, 36.74, 71.41, -282.26, 26.69, 10.89, -300.64, -14.80, 36.74, -291.88, -32.87, 46.12, -287.38, -52.93, 53.84, -280.73, 11.30, -4.11, -294.18, -28.70, 12.31, -286.85, -56.72, 23.01, -274.70, -71.59, 28.89, -271.99,  4.00, -24.56, -298.85, -32.62, -16.84, -277.16, -50.20, -13.30, -270.94, -73.58, -8.92, -265.05,  7.69, -43.18, -291.84, -19.09, -40.41, -283.25, -39.25, -38.76, -276.15, -51.40, -38.41, -270.29
84.68, -30.49, -279.45, 72.66, 20.92, -278.19, 54.88, 50.18, -281.16, 36.57, 67.27, -277.94, 30.58,  9.03, -292.85, -9.13, 38.81, -291.12, -26.70, 49.95, -289.61, -46.67, 59.72, -286.18, 14.17, -5.43, -287.85, -25.93, 12.23, -285.83, -54.87, 24.04, -277.48, -69.79, 30.37, -276.76,  6.96, -26.03, -292.26, -31.59, -19.35, -273.80, -49.75, -16.31, -269.19, -73.68, -12.61, -265.47,  9.77, -44.44, -282.77, -17.71, -44.06, -276.17, -38.40, -44.17, -270.58, -50.92, -44.86, -265.57
88.66, -37.07, -274.71, 79.96, 15.01, -275.90, 65.15, 45.82, -279.45, 49.00, 64.90, -275.92, 34.50,  3.45, -284.40, -4.17, 34.37, -280.54, -21.25, 46.06, -278.00, -40.58, 56.54, -273.24, 18.33, -10.27, -277.05, -20.89,  8.70, -271.99, -48.58, 21.79, -261.56, -63.19, 28.61, -259.77, 10.18, -30.83, -279.65, -26.01, -22.40, -257.50, -43.51, -18.71, -251.14, -66.85, -14.26, -245.17, 13.55, -48.86, -269.45, -13.03, -47.32, -259.98, -33.02, -46.55, -252.30, -45.00, -46.61, -246.06
79.87, -50.13, -281.82, 76.67,  0.46, -266.97, 64.80, 31.71, -259.00, 51.59, 49.78, -247.32, 29.47, -5.70, -269.39, -4.47, 24.82, -249.81, -19.53, 36.17, -240.91, -36.54, 45.86, -229.82, 13.41, -20.06, -263.11, -22.13, -1.29, -245.57, -46.10,  9.69, -226.81, -59.38, 16.48, -220.43,  2.80, -38.53, -269.62, -28.00, -34.93, -239.46, -43.67, -32.31, -229.08, -65.05, -28.52, -217.73,  5.92, -58.89, -265.61, -18.35, -58.73, -251.13, -36.55, -59.14, -239.82, -47.23, -60.37, -231.65
